c[1][0] 7738697
c[1][1] 7704901
c[1][2] 7770647
c[1][3] 7718227
c[1][4] 7836126
c[1][5] 7725000
c[1][6] 7620099
c[1][7] 7682710
c[1][8] 7675880
c[1][9] 7764193
c[1][10] 7770237
c[1][11] 7794144
c[1][12] 7850252
c[1][13] 7720622
c[1][14] 7701150
c[1][15] 7781580
c[1][16] 7859966
c[1][17] 7764717
c[1][18] 7656655
c[1][19] 7719761
c[1][20] 7790974
c[1][21] 7751496
c[1][22] 7761848
c[1][23] 7950732
c[1][24] 7867749
c[1][25] 7782070
c[1][26] 7902189
c[1][27] 7842824
c[1][28] 7759824
c[1][29] 7902181
c[1][30] 7815809
c[1][31] 7827661
c[1][32] 7781440
c[1][33] 7703212
c[1][34] 7726227
c[1][35] 7839734
c[1][36] 7819632
c[1][37] 7751800
c[1][38] 7948511
c[1][39] 7716424
c[1][40] 7722956
c[1][41] 7764207
c[1][42] 7638533
c[1][43] 7705157
c[1][44] 7691657
c[1][45] 8012859
c[1][46] 7752417
c[1][47] 7581165
c[1][48] 7629080
c[1][49] 7836386
c[1][50] 7903822
c[1][51] 7793764
c[1][52] 7642974
c[1][53] 7679745
c[1][54] 7663838
c[1][55] 7647120
c[1][56] 7674995
c[1][57] 7701072
c[1][58] 7924269
c[1][59] 7668198
c[1][60] 7543480
c[1][61] 7733015
c[1][62] 7752619
c[1][63] 7780186
c[1][64] 7820411
c[1][65] 7579850
c[1][66] 7801159
c[1][67] 7829489
c[1][68] 7817148
c[1][69] 7716909
c[1][70] 7899903
c[1][71] 7777277
c[1][72] 7779877
c[1][73] 7659574
c[1][74] 7843992
c[1][75] 7831426
c[1][76] 7859965
c[1][77] 7666085
c[1][78] 7724523
c[1][79] 7667061
c[1][80] 7675120
c[1][81] 7804976
c[1][82] 7776525
c[1][83] 7847452
c[1][84] 7828214
c[1][85] 7869134
c[1][86] 7979586
c[1][87] 7750407
c[1][88] 7697062
c[1][89] 7812078
c[1][90] 7741519
c[1][91] 7726165
c[1][92] 7849442
c[1][93] 7687379
c[1][94] 7665006
c[1][95] 7534174
c[1][96] 7679148
c[1][97] 7909196
c[1][98] 7894023
c[1][99] 7796223
c[1][100] 7735938
c[1][101] 7839386
c[1][102] 7756878
c[1][103] 7815465
c[1][104] 7723716
c[1][105] 7771356
c[1][106] 7672563
c[1][107] 7755366
c[1][108] 7773222
c[1][109] 7829302
c[1][110] 7873749
c[1][111] 7635030
c[1][112] 7759488
c[1][113] 7883945
c[1][114] 7769388
c[1][115] 7865782
c[1][116] 7859255
c[1][117] 7681106
c[1][118] 7766144
c[1][119] 7830500
c[1][120] 7692951
c[1][121] 7796793
c[1][122] 7724716
c[1][123] 7832806
c[1][124] 7818603
c[1][125] 7873291
c[1][126] 7705523
c[1][127] 7731348
c[1][128] 7701713
c[1][129] 7715544
c[1][130] 7814038
c[1][131] 7809541
c[1][132] 7897376
c[1][133] 7840641
c[1][134] 7865186
c[1][135] 7770498
c[1][136] 7783579
c[1][137] 7537797
c[1][138] 7902526
c[1][139] 7769817
c[1][140] 7719060
c[1][141] 7894266
c[1][142] 7671396
c[1][143] 7856901
c[1][144] 7750806
c[1][145] 7778889
c[1][146] 7776137
c[1][147] 7706264
c[1][148] 7771644
c[1][149] 7806731
c[1][150] 7582868
c[1][151] 7621309
c[1][152] 7761547
c[1][153] 7577971
c[1][154] 7881545
c[1][155] 7673633
c[1][156] 7825269
c[1][157] 7818297
c[1][158] 7640160
c[1][159] 7864581
c[1][160] 7813808
c[1][161] 7661227
c[1][162] 7752004
c[1][163] 7702547
c[1][164] 7771436
c[1][165] 7721451
c[1][166] 7777218
c[1][167] 7533826
c[1][168] 7822814
c[1][169] 7755434
c[1][170] 7644998
c[1][171] 7688707
c[1][172] 7829247
c[1][173] 7750012
c[1][174] 7761675
c[1][175] 7738607
c[1][176] 7748323
c[1][177] 7683680
c[1][178] 7870856
c[1][179] 7885071
c[1][180] 7739433
c[1][181] 7816474
c[1][182] 7850771
c[1][183] 7729776
c[1][184] 7754165
c[1][185] 7617261
c[1][186] 7720114
c[1][187] 7776276
c[1][188] 7668715
c[1][189] 7814913
c[1][190] 7683535
c[1][191] 7600295
c[1][192] 7811380
c[1][193] 7726559
c[1][194] 7743664
c[1][195] 7591819
c[1][196] 7667343
c[1][197] 7791824
c[1][198] 7679904
c[1][199] 7820728
c[1][200] 7791458
c[1][201] 7661962
c[1][202] 7748560
c[1][203] 7762119
c[1][204] 7857600
c[1][205] 7745181
c[1][206] 7789902
c[1][207] 7553404
c[1][208] 7661192
c[1][209] 7700533
c[1][210] 7689213
c[1][211] 7695782
c[1][212] 7760270
c[1][213] 7860139
c[1][214] 7794629
c[1][215] 7709645
c[1][216] 7843550
c[1][217] 7825729
c[1][218] 7954106
c[1][219] 7706512
c[1][220] 7574267
c[1][221] 7570972
c[1][222] 7715980
c[1][223] 7652497
c[1][224] 7626049
c[1][225] 7682404
c[1][226] 7734717
c[1][227] 7625660
c[1][228] 7824025
c[1][229] 7654103
c[1][230] 7811968
c[1][231] 7728380
c[1][232] 7867510
c[1][233] 7773233
c[1][234] 7740677
c[1][235] 7834309
c[1][236] 7872757
c[1][237] 7686813
c[1][238] 7518691
c[1][239] 7734572
c[1][240] 7600925
c[1][241] 7990753
c[1][242] 7624342
c[1][243] 7690427
c[1][244] 7805780
c[1][245] 7868860
c[1][246] 7884797
c[1][247] 7811757
c[1][248] 7725902
c[1][249] 7789142
c[1][250] 7779289
c[1][251] 7642081
c[1][252] 7934130
c[1][253] 7727328
c[1][254] 7638314
c[1][255] 7679473
c[1][256] 7810529
c[1][257] 7640364
c[1][258] 7849404
c[1][259] 7666863
c[1][260] 7785187
c[1][261] 7659691
c[1][262] 7774460
c[1][263] 7791175
c[1][264] 7853594
c[1][265] 7816521
c[1][266] 7850607
c[1][267] 7690209
c[1][268] 7710644
c[1][269] 7563258
c[1][270] 7665530
c[1][271] 7560004
c[1][272] 7684921
c[1][273] 7738207
c[1][274] 7568444
c[1][275] 7893471
c[1][276] 7878041
c[1][277] 7802349
c[1][278] 7684871
c[1][279] 7680317
c[1][280] 7617996
c[1][281] 7642359
c[1][282] 7607475
c[1][283] 7788689
c[1][284] 7854407
c[1][285] 7798682
c[1][286] 8023277
c[1][287] 7777429
c[1][288] 7862866
c[1][289] 7696590
c[1][290] 7699816
c[1][291] 7686782
c[1][292] 7754904
c[1][293] 7936994
c[1][294] 7836100
c[1][295] 7686188
c[1][296] 7731907
c[1][297] 7709013
c[1][298] 7736515
c[1][299] 7761661
c[1][300] 7726504
c[1][301] 7879313
c[1][302] 7674104
c[1][303] 7739286
c[1][304] 7710159
c[1][305] 7731745
c[1][306] 7518105
c[1][307] 7729708
c[1][308] 7634566
c[1][309] 7716334
c[1][310] 7693749
c[1][311] 7607169
c[1][312] 7738171
c[1][313] 7670382
c[1][314] 7579923
c[1][315] 7843663
c[1][316] 7695152
c[1][317] 7790234
c[1][318] 7712043
c[1][319] 7680783
c[1][320] 7771717
c[1][321] 7770453
c[1][322] 7780155
c[1][323] 7795185
c[1][324] 7692486
c[1][325] 7693142
c[1][326] 7849999
c[1][327] 7607361
c[1][328] 7805385
c[1][329] 7702386
c[1][330] 7646242
c[1][331] 7665630
c[1][332] 7653997
c[1][333] 7642160
c[1][334] 7789881
c[1][335] 7811629
c[1][336] 7635803
c[1][337] 7812134
c[1][338] 7529641
c[1][339] 7735299
c[1][340] 7788526
c[1][341] 7747217
c[1][342] 7757458
c[1][343] 7827154
c[1][344] 7792483
c[1][345] 7682388
c[1][346] 7753108
c[1][347] 7750724
c[1][348] 7682883
c[1][349] 7774607
c[1][350] 7659836
c[1][351] 7702678
c[1][352] 7760217
c[1][353] 7898515
c[1][354] 7744180
c[1][355] 7662068
c[1][356] 7827826
c[1][357] 7656408
c[1][358] 7950699
c[1][359] 7802213
c[1][360] 7760585
c[1][361] 7683488
c[1][362] 7671119
c[1][363] 7987177
c[1][364] 7808448
c[1][365] 7654368
c[1][366] 7635591
c[1][367] 7810242
c[1][368] 7834689
c[1][369] 7856320
c[1][370] 7879449
c[1][371] 7616285
c[1][372] 7705131
c[1][373] 7527923
c[1][374] 7765619
c[1][375] 7808381
c[1][376] 7803058
c[1][377] 7642812
c[1][378] 7823447
c[1][379] 7768473
c[1][380] 7867004
c[1][381] 7647253
c[1][382] 7836885
c[1][383] 7700318
c[1][384] 7682247
c[1][385] 7621022
c[1][386] 7858595
c[1][387] 7654644
c[1][388] 7736850
c[1][389] 7678425
c[1][390] 7648328
c[1][391] 7846357
c[1][392] 7793799
c[1][393] 7781130
c[1][394] 7684462
c[1][395] 7857253
c[1][396] 7494728
c[1][397] 7727141
c[1][398] 7680881
c[1][399] 7814789
c[1][400] 7837323
c[1][401] 7685968
c[1][402] 7771925
c[1][403] 7771974
c[1][404] 7775545
c[1][405] 7777500
c[1][406] 7721951
c[1][407] 7795393
c[1][408] 7619213
c[1][409] 7819088
c[1][410] 7830886
c[1][411] 7753513
c[1][412] 7822036
c[1][413] 7823630
c[1][414] 7854432
c[1][415] 7965180
c[1][416] 7791464
c[1][417] 7872991
c[1][418] 7778345
c[1][419] 7676584
c[1][420] 7805989
c[1][421] 7658105
c[1][422] 7748257
c[1][423] 7710624
c[1][424] 7752434
c[1][425] 7698423
c[1][426] 7702296
c[1][427] 7722099
c[1][428] 7873040
c[1][429] 7716205
c[1][430] 7814134
c[1][431] 7629776
c[1][432] 7668327
c[1][433] 7763022
c[1][434] 7661531
c[1][435] 7785843
c[1][436] 7855423
c[1][437] 7541814
c[1][438] 7755163
c[1][439] 7655811
c[1][440] 7894251
c[1][441] 7772560
c[1][442] 7627526
c[1][443] 7745351
c[1][444] 7820424
c[1][445] 7801519
c[1][446] 7748599
c[1][447] 7835111
c[1][448] 7731457
c[1][449] 7750580
c[1][450] 7727634
c[1][451] 7790834
c[1][452] 7834270
c[1][453] 7748432
c[1][454] 7751202
c[1][455] 7775072
c[1][456] 7543276
c[1][457] 7857533
c[1][458] 7737191
c[1][459] 7708520
c[1][460] 7722722
c[1][461] 7637404
c[1][462] 7668817
c[1][463] 7694534
c[1][464] 7765357
c[1][465] 7851124
c[1][466] 7781777
c[1][467] 7650603
c[1][468] 7856710
c[1][469] 7837810
c[1][470] 7793272
c[1][471] 7651029
c[1][472] 7845944
c[1][473] 7687558
c[1][474] 7741577
c[1][475] 7662278
c[1][476] 7635901
c[1][477] 7681220
c[1][478] 7815127
c[1][479] 7829698
c[1][480] 7551398
c[1][481] 7779928
c[1][482] 7749966
c[1][483] 7742658
c[1][484] 7812670
c[1][485] 7740220
c[1][486] 7959573
c[1][487] 7730507
c[1][488] 7813669
c[1][489] 7699068
c[1][490] 7728869
c[1][491] 7726796
c[1][492] 7656181
c[1][493] 7807885
c[1][494] 7972417
c[1][495] 7709573
c[1][496] 7601185
c[1][497] 7839826
c[1][498] 7651095
c[1][499] 7840292
c[1][500] 7725601
c[1][501] 7770761
c[1][502] 7774824
c[1][503] 7682887
c[1][504] 7814841
c[1][505] 7648125
c[1][506] 7676308
c[1][507] 7624989
c[1][508] 7965071
c[1][509] 7856782
c[1][510] 7782823
c[1][511] 7753280
c[1][512] 7542123
c[1][513] 7656183
c[1][514] 7671013
c[1][515] 7700746
c[1][516] 7817668
c[1][517] 7544222
c[1][518] 7665801
c[1][519] 7613085
c[1][520] 7816960
c[1][521] 7730176
c[1][522] 7639599
c[1][523] 7754928
c[1][524] 7882087
c[1][525] 7699349
c[1][526] 7702165
c[1][527] 7708013
c[1][528] 7712438
c[1][529] 7701222
c[1][530] 7816358
c[1][531] 7785626
c[1][532] 7787659
c[1][533] 7981518
c[1][534] 7456539
c[1][535] 7668155
c[1][536] 7576274
c[1][537] 7560707
c[1][538] 7598096
c[1][539] 7794589
c[1][540] 7654643
c[1][541] 7888910
c[1][542] 7824134
c[1][543] 7812228
c[1][544] 7533250
c[1][545] 7702216
c[1][546] 7589327
c[1][547] 7781685
c[1][548] 7688989
c[1][549] 7644574
c[1][550] 7702377
c[1][551] 7775962
c[1][552] 7800228
c[1][553] 7865043
c[1][554] 7844125
c[1][555] 7759701
c[1][556] 7856100
c[1][557] 7741387
c[1][558] 7861582
c[1][559] 7673241
c[1][560] 7750678
c[1][561] 7783116
c[1][562] 7851719
c[1][563] 7682038
c[1][564] 7618180
c[1][565] 7809127
c[1][566] 7664916
c[1][567] 7784198
c[1][568] 7650863
c[1][569] 7903960
c[1][570] 7821631
c[1][571] 7693971
c[1][572] 7829591
c[1][573] 7693940
c[1][574] 7812948
c[1][575] 7729765
c[1][576] 7928926
c[1][577] 7794605
c[1][578] 7678713
c[1][579] 7693856
c[1][580] 7844353
c[1][581] 7633680
c[1][582] 7696602
c[1][583] 7710189
c[1][584] 7830506
c[1][585] 7617976
c[1][586] 7705876
c[1][587] 7820720
c[1][588] 7808886
c[1][589] 7743933
c[1][590] 7824142
c[1][591] 7758616
c[1][592] 7835153
c[1][593] 7658915
c[1][594] 7967403
c[1][595] 7682636
c[1][596] 7716021
c[1][597] 7668640
c[1][598] 7638875
c[1][599] 7836051
c[1][600] 7850605
c[1][601] 7754430
c[1][602] 7684222
c[1][603] 7629866
c[1][604] 7751796
c[1][605] 7756592
c[1][606] 7820752
c[1][607] 7681981
c[1][608] 7700436
c[1][609] 7753205
c[1][610] 7747149
c[1][611] 7756781
c[1][612] 7728310
c[1][613] 7720998
c[1][614] 7809292
c[1][615] 7688527
c[1][616] 7678896
c[1][617] 7636577
c[1][618] 7711698
c[1][619] 7764525
c[1][620] 7793548
c[1][621] 7744015
c[1][622] 7731503
c[1][623] 7719702
c[1][624] 7796484
c[1][625] 7746209
c[1][626] 7669622
c[1][627] 7800275
c[1][628] 7756065
c[1][629] 7913457
c[1][630] 7798267
c[1][631] 7771222
c[1][632] 7706628
c[1][633] 7848490
c[1][634] 7626726
c[1][635] 7665853
c[1][636] 7673368
c[1][637] 7897512
c[1][638] 7750443
c[1][639] 7868452
c[1][640] 7595532
c[1][641] 7842805
c[1][642] 7733119
c[1][643] 7719865
c[1][644] 7763522
c[1][645] 7689035
c[1][646] 7524844
c[1][647] 7903519
c[1][648] 7798837
c[1][649] 7765254
c[1][650] 7789789
c[1][651] 7703336
c[1][652] 7890363
c[1][653] 7613539
c[1][654] 7923997
c[1][655] 7832872
c[1][656] 7717706
c[1][657] 7752783
c[1][658] 7725603
c[1][659] 7865278
c[1][660] 7592967
c[1][661] 7866593
c[1][662] 7759336
c[1][663] 7720706
c[1][664] 7767412
c[1][665] 7866168
c[1][666] 7658692
c[1][667] 7940610
c[1][668] 7750486
c[1][669] 7684808
c[1][670] 7818143
c[1][671] 7783073
c[1][672] 7808873
c[1][673] 7769343
c[1][674] 7736219
c[1][675] 7598199
c[1][676] 7587649
c[1][677] 7669043
c[1][678] 7664081
c[1][679] 7803651
c[1][680] 7982787
c[1][681] 7729644
c[1][682] 7778730
c[1][683] 7660460
c[1][684] 7760125
c[1][685] 7754779
c[1][686] 7741264
c[1][687] 7824414
c[1][688] 7658744
c[1][689] 7790758
c[1][690] 7673152
c[1][691] 7643354
c[1][692] 7521296
c[1][693] 7814138
c[1][694] 7760026
c[1][695] 7534497
c[1][696] 7605406
c[1][697] 7833854
c[1][698] 7895564
c[1][699] 7727419
c[1][700] 7818740
c[1][701] 7649172
c[1][702] 7656237
c[1][703] 7610082
c[1][704] 7709174
c[1][705] 7734855
c[1][706] 7761355
c[1][707] 7873370
c[1][708] 7776841
c[1][709] 7946667
c[1][710] 7760857
c[1][711] 7663010
c[1][712] 7690669
c[1][713] 7640404
c[1][714] 7671227
c[1][715] 7656633
c[1][716] 7623608
c[1][717] 7646210
c[1][718] 7880951
c[1][719] 7662042
c[1][720] 7721271
c[1][721] 7684825
c[1][722] 7698438
c[1][723] 7771708
c[1][724] 7845259
c[1][725] 7794723
c[1][726] 7748146
c[1][727] 7755897
c[1][728] 7712620
c[1][729] 7599241
c[1][730] 7697524
c[1][731] 7774650
c[1][732] 7776023
c[1][733] 7811639
c[1][734] 7781372
c[1][735] 7818082
c[1][736] 7804645
c[1][737] 7848548
c[1][738] 7803559
c[1][739] 7739746
c[1][740] 7578556
c[1][741] 7681199
c[1][742] 7827980
c[1][743] 7634863
c[1][744] 7608049
c[1][745] 7659959
c[1][746] 7681370
c[1][747] 7557936
c[1][748] 7790760
c[1][749] 7779777
c[1][750] 7837380
c[1][751] 7764857
c[1][752] 7907995
c[1][753] 7653359
c[1][754] 7670418
c[1][755] 7722770
c[1][756] 7634803
c[1][757] 7832078
c[1][758] 7669299
c[1][759] 7813439
c[1][760] 7913859
c[1][761] 7635089
c[1][762] 7759130
c[1][763] 7800367
c[1][764] 7642365
c[1][765] 7802472
c[1][766] 7774526
c[1][767] 7946922
c[1][768] 7550154
c[1][769] 7770284
c[1][770] 7761838
c[1][771] 7755651
c[1][772] 7717479
c[1][773] 7682843
c[1][774] 7546579
c[1][775] 7697227
c[1][776] 7717329
c[1][777] 7789694
c[1][778] 7766918
c[1][779] 7690298
c[1][780] 7772020
c[1][781] 7829181
c[1][782] 7791830
c[1][783] 7676118
c[1][784] 7708436
c[1][785] 7708498
c[1][786] 7783504
c[1][787] 7815109
c[1][788] 7764889
c[1][789] 7816725
c[1][790] 7718614
c[1][791] 7764334
c[1][792] 7777229
c[1][793] 7760754
c[1][794] 7722249
c[1][795] 7758617
c[1][796] 7619209
c[1][797] 7735527
c[1][798] 7847850
c[1][799] 7772819
c[1][800] 7808402
c[1][801] 7808528
c[1][802] 7669933
c[1][803] 7645742
c[1][804] 7831139
c[1][805] 7562603
c[1][806] 7815358
c[1][807] 7713338
c[1][808] 7791083
c[1][809] 7644991
c[1][810] 7616324
c[1][811] 7717242
c[1][812] 7842781
c[1][813] 7798160
c[1][814] 7735915
c[1][815] 7695073
c[1][816] 7714862
c[1][817] 7653730
c[1][818] 7763513
c[1][819] 7687035
c[1][820] 7625395
c[1][821] 7874636
c[1][822] 7977114
c[1][823] 7762893
c[1][824] 7802588
c[1][825] 7870847
c[1][826] 7777070
c[1][827] 7680068
c[1][828] 7621568
c[1][829] 7799341
c[1][830] 7755229
c[1][831] 7728419
c[1][832] 7795710
c[1][833] 7693195
c[1][834] 7773984
c[1][835] 7712280
c[1][836] 7567359
c[1][837] 7760559
c[1][838] 7967094
c[1][839] 7762034
c[1][840] 7872134
c[1][841] 7694041
c[1][842] 7823089
c[1][843] 7712918
c[1][844] 7690440
c[1][845] 7745774
c[1][846] 7641555
c[1][847] 7782778
c[1][848] 7746607
c[1][849] 7774390
c[1][850] 7693115
c[1][851] 7664024
c[1][852] 7755393
c[1][853] 7821843
c[1][854] 7719909
c[1][855] 7753090
c[1][856] 7579727
c[1][857] 7757934
c[1][858] 7742541
c[1][859] 7748619
c[1][860] 7671092
c[1][861] 7688972
c[1][862] 7733846
c[1][863] 7657409
c[1][864] 7786519
c[1][865] 7898642
c[1][866] 7693306
c[1][867] 7656491
c[1][868] 7617625
c[1][869] 7700805
c[1][870] 7751665
c[1][871] 7800003
c[1][872] 7648090
c[1][873] 7738247
c[1][874] 7777722
c[1][875] 7653289
c[1][876] 7715393
c[1][877] 7757605
c[1][878] 7920628
c[1][879] 7824073
c[1][880] 7683393
c[1][881] 7665933
c[1][882] 7913013
c[1][883] 7812790
c[1][884] 7610140
c[1][885] 7892816
c[1][886] 7741865
c[1][887] 7782419
c[1][888] 7905168
c[1][889] 7823044
c[1][890] 7821052
c[1][891] 7869241
c[1][892] 7604860
c[1][893] 7700386
c[1][894] 7595481
c[1][895] 7786888
c[1][896] 7750241
c[1][897] 7866009
c[1][898] 7701670
c[1][899] 7784080
c[1][900] 7758774
c[1][901] 7859188
c[1][902] 7907207
c[1][903] 7796978
c[1][904] 7710576
c[1][905] 7870529
c[1][906] 7796485
c[1][907] 7724419
c[1][908] 7907606
c[1][909] 7828183
c[1][910] 7637720
c[1][911] 7647741
c[1][912] 7499677
c[1][913] 7834676
c[1][914] 7781198
c[1][915] 7789197
c[1][916] 7754810
c[1][917] 7715773
c[1][918] 7672734
c[1][919] 7928283
c[1][920] 7942894
c[1][921] 7883007
c[1][922] 7766300
c[1][923] 7710956
c[1][924] 7654766
c[1][925] 7918569
c[1][926] 7790633
c[1][927] 7709278
c[1][928] 7769156
c[1][929] 7657330
c[1][930] 7694910
c[1][931] 7566181
c[1][932] 7866044
c[1][933] 7609692
c[1][934] 7867292
c[1][935] 7756863
c[1][936] 7700910
c[1][937] 7742200
c[1][938] 7764866
c[1][939] 7686992
c[1][940] 7792265
c[1][941] 7805786
c[1][942] 7704149
c[1][943] 7674535
c[1][944] 7717537
c[1][945] 7686515
c[1][946] 7681693
c[1][947] 7646014
c[1][948] 7832806
c[1][949] 7649824
c[1][950] 7941015
c[1][951] 7634323
c[1][952] 7606368
c[1][953] 7713617
c[1][954] 7750857
c[1][955] 7858247
c[1][956] 7758740
c[1][957] 7756622
c[1][958] 7853407
c[1][959] 7763473
c[1][960] 7788184
c[1][961] 7684519
c[1][962] 7592071
c[1][963] 7707663
c[1][964] 7797565
c[1][965] 7815193
c[1][966] 7659580
c[1][967] 7724845
c[1][968] 7930876
c[1][969] 7708594
c[1][970] 7611049
c[1][971] 7697474
c[1][972] 7802204
c[1][973] 7915749
c[1][974] 7727090
c[1][975] 7807718
c[1][976] 7787269
c[1][977] 7640044
c[1][978] 7836649
c[1][979] 7952623
c[1][980] 7791739
c[1][981] 7726060
c[1][982] 7656228
c[1][983] 7734182
c[1][984] 7813167
c[1][985] 7759457
c[1][986] 7769253
c[1][987] 7637305
c[1][988] 7739748
c[1][989] 7872960
c[1][990] 7775082
c[1][991] 7737299
c[1][992] 7677089
c[1][993] 7599419
c[1][994] 7725852
c[1][995] 7527742
c[1][996] 7686744
c[1][997] 7723465
c[1][998] 7539793
c[1][999] 7580532
c[1][1000] 7612109
c[1][1001] 7759550
c[1][1002] 7720777
c[1][1003] 7717228
c[1][1004] 7772760
c[1][1005] 7750943
c[1][1006] 7639800
c[1][1007] 7758790
c[1][1008] 7716721
c[1][1009] 7692152
c[1][1010] 7563399
c[1][1011] 7754441
c[1][1012] 7729523
c[1][1013] 7612343
c[1][1014] 7791396
c[1][1015] 7788583
c[1][1016] 7697500
c[1][1017] 7859864
c[1][1018] 7693929
c[1][1019] 7707602
c[1][1020] 7854261
c[1][1021] 7772063
c[1][1022] 7873266
c[1][1023] 7692537
c[1][1024] 7620311
c[1][1025] 7709803
c[1][1026] 7794621
c[1][1027] 7761471
c[1][1028] 7704670
c[1][1029] 7799993
c[1][1030] 7769502
c[1][1031] 7829791
c[1][1032] 7838682
c[1][1033] 7665284
c[1][1034] 7716995
c[1][1035] 7698412
c[1][1036] 7727688
c[1][1037] 7790443
c[1][1038] 7849153
c[1][1039] 7821428
c[1][1040] 7749297
c[1][1041] 7718804
c[1][1042] 7843154
c[1][1043] 7716334
c[1][1044] 7812360
c[1][1045] 7861664
c[1][1046] 7658873
c[1][1047] 7750558
c[1][1048] 7736035
c[1][1049] 7631531
c[1][1050] 7794710
c[1][1051] 7767774
c[1][1052] 7865515
c[1][1053] 7730090
c[1][1054] 7779331
c[1][1055] 7588052
c[1][1056] 7562907
c[1][1057] 7834974
c[1][1058] 7782127
c[1][1059] 7781723
c[1][1060] 7760948
c[1][1061] 7674829
c[1][1062] 7808572
c[1][1063] 7834267
c[1][1064] 7858990
c[1][1065] 7622809
c[1][1066] 7606588
c[1][1067] 7866029
c[1][1068] 7732487
c[1][1069] 7669270
c[1][1070] 7780872
c[1][1071] 7642040
c[1][1072] 7698916
c[1][1073] 7926393
c[1][1074] 7738959
c[1][1075] 7601313
c[1][1076] 7852058
c[1][1077] 7868296
c[1][1078] 7756881
c[1][1079] 7722259
c[1][1080] 7784904
c[1][1081] 7602064
c[1][1082] 7718538
c[1][1083] 7840357
c[1][1084] 7845489
c[1][1085] 7638419
c[1][1086] 7788245
c[1][1087] 7856017
c[1][1088] 7675193
c[1][1089] 7786422
c[1][1090] 7570637
c[1][1091] 7845925
c[1][1092] 7646458
c[1][1093] 7802630
c[1][1094] 7683699
c[1][1095] 7692588
c[1][1096] 7833696
c[1][1097] 7822569
c[1][1098] 7794750
c[1][1099] 7607324
c[1][1100] 7591934
c[1][1101] 7608716
c[1][1102] 7894723
c[1][1103] 7783716
c[1][1104] 7614076
c[1][1105] 7779332
c[1][1106] 7722538
c[1][1107] 7662256
c[1][1108] 7729994
c[1][1109] 7773755
c[1][1110] 7764408
c[1][1111] 7758346
c[1][1112] 7658190
c[1][1113] 7802764
c[1][1114] 7591058
c[1][1115] 7596233
c[1][1116] 7755603
c[1][1117] 7705592
c[1][1118] 7751949
c[1][1119] 7732446
c[1][1120] 7658141
c[1][1121] 7838668
c[1][1122] 7724498
c[1][1123] 7691039
c[1][1124] 7713826
c[1][1125] 7841944
c[1][1126] 7664912
c[1][1127] 7823804
c[1][1128] 7904671
c[1][1129] 7665429
c[1][1130] 7754953
c[1][1131] 7693735
c[1][1132] 7657019
c[1][1133] 7643062
c[1][1134] 7775491
c[1][1135] 7562881
c[1][1136] 7737435
c[1][1137] 7665627
c[1][1138] 7655119
c[1][1139] 7740621
c[1][1140] 7778922
c[1][1141] 7599562
c[1][1142] 7775687
c[1][1143] 7917623
c[1][1144] 7707319
c[1][1145] 7872248
c[1][1146] 7668958
c[1][1147] 7781528
c[1][1148] 7738688
c[1][1149] 7768552
c[1][1150] 7946699
c[1][1151] 7844869
c[1][1152] 7668695
c[1][1153] 7959351
c[1][1154] 7679354
c[1][1155] 7847317
c[1][1156] 7876263
c[1][1157] 7688542
c[1][1158] 7623035
c[1][1159] 7912351
c[1][1160] 7799081
c[1][1161] 7660834
c[1][1162] 7727595
c[1][1163] 7709711
c[1][1164] 7733911
c[1][1165] 7779356
c[1][1166] 7769332
c[1][1167] 7775812
c[1][1168] 7763249
c[1][1169] 7734213
c[1][1170] 7766981
c[1][1171] 7702757
c[1][1172] 7795482
c[1][1173] 7644116
c[1][1174] 7801233
c[1][1175] 7837516
c[1][1176] 7751003
c[1][1177] 7500985
c[1][1178] 7714270
c[1][1179] 7824356
c[1][1180] 7749386
c[1][1181] 7848293
c[1][1182] 7879501
c[1][1183] 7797285
c[1][1184] 7757224
c[1][1185] 7647347
c[1][1186] 7845206
c[1][1187] 7777721
c[1][1188] 7677662
c[1][1189] 7849955
c[1][1190] 7814186
c[1][1191] 7885583
c[1][1192] 7715491
c[1][1193] 7514420
c[1][1194] 7741647
c[1][1195] 7702401
c[1][1196] 7698938
c[1][1197] 7798684
c[1][1198] 7583265
c[1][1199] 7745384
c[1][1200] 7615582
c[1][1201] 7807138
c[1][1202] 7879114
c[1][1203] 7811161
c[1][1204] 7604299
c[1][1205] 7800011
c[1][1206] 7744750
c[1][1207] 7774701
c[1][1208] 7615136
c[1][1209] 7642331
c[1][1210] 7628780
c[1][1211] 7820466
c[1][1212] 7886452
c[1][1213] 7743747
c[1][1214] 7800945
c[1][1215] 7827723
c[1][1216] 7714956
c[1][1217] 7705120
c[1][1218] 7679205
c[1][1219] 7599191
c[1][1220] 7721230
c[1][1221] 7710435
c[1][1222] 7791884
c[1][1223] 7680256
c[1][1224] 7601086
c[1][1225] 7696545
c[1][1226] 7729452
c[1][1227] 7817498
c[1][1228] 7786966
c[1][1229] 7719706
c[1][1230] 7818792
c[1][1231] 7848673
c[1][1232] 7890921
c[1][1233] 7635469
c[1][1234] 7599552
c[1][1235] 7666516
c[1][1236] 7770498
c[1][1237] 7732884
c[1][1238] 7485938
c[1][1239] 7693733
c[1][1240] 7773514
c[1][1241] 7762581
c[1][1242] 7645085
c[1][1243] 7711011
c[1][1244] 7692273
c[1][1245] 7721252
c[1][1246] 7708345
c[1][1247] 7599437
c[1][1248] 7702543
c[1][1249] 7811508
c[1][1250] 7677825
c[1][1251] 7730587
c[1][1252] 7838339
c[1][1253] 7687100
c[1][1254] 7825114
c[1][1255] 7651442
c[1][1256] 7895134
c[1][1257] 7748551
c[1][1258] 7802124
c[1][1259] 7769783
c[1][1260] 7683637
c[1][1261] 7634836
c[1][1262] 7764527
c[1][1263] 7917463
c[1][1264] 7791663
c[1][1265] 7823473
c[1][1266] 7704231
c[1][1267] 7866780
c[1][1268] 7754199
c[1][1269] 7491639
c[1][1270] 7841733
c[1][1271] 7686839
c[1][1272] 7635002
c[1][1273] 7836039
c[1][1274] 7723805
c[1][1275] 7623003
c[1][1276] 7661828
c[1][1277] 7720922
c[1][1278] 7654381
c[1][1279] 7788711
c[1][1280] 7808090
c[1][1281] 7587704
c[1][1282] 7708346
c[1][1283] 7798132
c[1][1284] 7726265
c[1][1285] 7620210
c[1][1286] 7624363
c[1][1287] 7726737
c[1][1288] 7680652
c[1][1289] 7897688
c[1][1290] 7801736
c[1][1291] 7611728
c[1][1292] 7817098
c[1][1293] 7761887
c[1][1294] 7709060
c[1][1295] 7752185
c[1][1296] 7767838
c[1][1297] 7736098
c[1][1298] 7701934
c[1][1299] 7972673
c[1][1300] 7826163
c[1][1301] 7753344
c[1][1302] 7616134
c[1][1303] 7870781
c[1][1304] 7886440
c[1][1305] 7623995
c[1][1306] 7728923
c[1][1307] 7701149
c[1][1308] 7881048
c[1][1309] 7683983
c[1][1310] 7751438
c[1][1311] 7670140
c[1][1312] 7726087
c[1][1313] 7783455
c[1][1314] 7607782
c[1][1315] 7754265
c[1][1316] 7611459
c[1][1317] 7791544
c[1][1318] 7744658
c[1][1319] 7826525
c[1][1320] 7819456
c[1][1321] 7828208
c[1][1322] 7858358
c[1][1323] 7906637
c[1][1324] 7752394
c[1][1325] 7651322
c[1][1326] 7814178
c[1][1327] 7685344
c[1][1328] 7724630
c[1][1329] 7617821
c[1][1330] 7781953
c[1][1331] 7654864
c[1][1332] 7706504
c[1][1333] 7739967
c[1][1334] 7832319
c[1][1335] 7731273
c[1][1336] 7827137
c[1][1337] 7789068
c[1][1338] 7729103
c[1][1339] 7886869
c[1][1340] 7758149
c[1][1341] 7768160
c[1][1342] 7710898
c[1][1343] 7751090
c[1][1344] 7710613
c[1][1345] 7862919
c[1][1346] 7715373
c[1][1347] 7753339
c[1][1348] 7752992
c[1][1349] 7849634
c[1][1350] 7635435
c[1][1351] 7877978
c[1][1352] 7764460
c[1][1353] 7773506
c[1][1354] 7798276
c[1][1355] 7664769
c[1][1356] 7765377
c[1][1357] 7720059
c[1][1358] 7770140
c[1][1359] 7849821
c[1][1360] 7861330
c[1][1361] 7613861
c[1][1362] 7520832
c[1][1363] 7711954
c[1][1364] 7679971
c[1][1365] 7687566
c[1][1366] 7543457
c[1][1367] 7736146
c[1][1368] 7756862
c[1][1369] 7628835
c[1][1370] 8040098
c[1][1371] 7666167
c[1][1372] 7693564
c[1][1373] 7761932
c[1][1374] 7794142
c[1][1375] 7725146
c[1][1376] 7744770
c[1][1377] 7672898
c[1][1378] 7767462
c[1][1379] 7751968
c[1][1380] 7896337
c[1][1381] 7859135
c[1][1382] 7877308
c[1][1383] 7614358
c[1][1384] 7654294
c[1][1385] 7757636
c[1][1386] 7976905
c[1][1387] 7788794
c[1][1388] 7618770
c[1][1389] 7908000
c[1][1390] 7710838
c[1][1391] 7833891
c[1][1392] 7708952
c[1][1393] 7720033
c[1][1394] 7768230
c[1][1395] 7709361
c[1][1396] 7847793
c[1][1397] 7727486
c[1][1398] 7792561
c[1][1399] 7606757
c[1][1400] 7861768
c[1][1401] 7631074
c[1][1402] 7678966
c[1][1403] 7848253
c[1][1404] 7662815
c[1][1405] 7796173
c[1][1406] 7718046
c[1][1407] 7713023
c[1][1408] 7552149
c[1][1409] 7757419
c[1][1410] 7778230
c[1][1411] 7671306
c[1][1412] 7656721
c[1][1413] 7748963
c[1][1414] 7772024
c[1][1415] 7698845
c[1][1416] 7755104
c[1][1417] 7675685
c[1][1418] 7769483
c[1][1419] 7836306
c[1][1420] 7632558
c[1][1421] 7770919
c[1][1422] 7476634
c[1][1423] 7708244
c[1][1424] 7516338
c[1][1425] 7812697
c[1][1426] 7840223
c[1][1427] 7866528
c[1][1428] 7670156
c[1][1429] 7757196
c[1][1430] 7583056
c[1][1431] 7742595
c[1][1432] 7625672
c[1][1433] 7716940
c[1][1434] 7808587
c[1][1435] 7671008
c[1][1436] 7800153
c[1][1437] 7656557
c[1][1438] 7761138
c[1][1439] 7761978
c[1][1440] 7740560
c[1][1441] 7652189
c[1][1442] 7714879
c[1][1443] 7673188
c[1][1444] 7590368
c[1][1445] 7718605
c[1][1446] 7705788
c[1][1447] 7748773
c[1][1448] 7586209
c[1][1449] 7683786
c[1][1450] 7672942
c[1][1451] 7799623
c[1][1452] 7779056
c[1][1453] 7731770
c[1][1454] 7895711
c[1][1455] 7758586
c[1][1456] 7755585
c[1][1457] 7704858
c[1][1458] 7925462
c[1][1459] 7613408
c[1][1460] 7754329
c[1][1461] 7820144
c[1][1462] 7721636
c[1][1463] 7680675
c[1][1464] 7854005
c[1][1465] 7718281
c[1][1466] 7653328
c[1][1467] 7919097
c[1][1468] 7684743
c[1][1469] 7935948
c[1][1470] 7647788
c[1][1471] 7731323
c[1][1472] 7877475
c[1][1473] 7658074
c[1][1474] 7666066
c[1][1475] 7700683
c[1][1476] 8001548
c[1][1477] 7787572
c[1][1478] 7542691
c[1][1479] 7753405
c[1][1480] 7701495
c[1][1481] 7706152
c[1][1482] 7732774
c[1][1483] 7775674
c[1][1484] 7732423
c[1][1485] 7872988
c[1][1486] 7707259
c[1][1487] 7570740
c[1][1488] 7659880
c[1][1489] 7772195
c[1][1490] 7812849
c[1][1491] 7710653
c[1][1492] 7646830
c[1][1493] 7729475
c[1][1494] 7893401
c[1][1495] 7734091
c[1][1496] 7724752
c[1][1497] 7814006
c[1][1498] 7727430
c[1][1499] 7693310
c[1][1500] 7630192
c[1][1501] 7807264
c[1][1502] 7638829
c[1][1503] 7842437
c[1][1504] 7727019
c[1][1505] 7656793
c[1][1506] 7634682
c[1][1507] 7736381
c[1][1508] 7550649
c[1][1509] 7747000
c[1][1510] 8025207
c[1][1511] 7788118
c[1][1512] 7646739
c[1][1513] 7852231
c[1][1514] 7819867
c[1][1515] 7838098
c[1][1516] 7814243
c[1][1517] 7727578
c[1][1518] 7834331
c[1][1519] 7579580
c[1][1520] 7857680
c[1][1521] 7768541
c[1][1522] 7766303
c[1][1523] 7837506
c[1][1524] 7679158
c[1][1525] 7605285
c[1][1526] 7785499
c[1][1527] 7798092
c[1][1528] 7971281
c[1][1529] 7696935
c[1][1530] 7713978
c[1][1531] 7884918
c[1][1532] 7632301
c[1][1533] 7676442
c[1][1534] 7723570
c[1][1535] 7683924
c[1][1536] 7813102
c[1][1537] 7718926
c[1][1538] 7564721
c[1][1539] 7751225
c[1][1540] 7704497
c[1][1541] 7789615
c[1][1542] 7789616
c[1][1543] 7881358
c[1][1544] 7733322
c[1][1545] 7858460
c[1][1546] 7850866
c[1][1547] 7715505
c[1][1548] 7811186
c[1][1549] 7569162
c[1][1550] 7750887
c[1][1551] 7621086
c[1][1552] 7781659
c[1][1553] 7750719
c[1][1554] 7761816
c[1][1555] 7654499
c[1][1556] 7715915
c[1][1557] 7828082
c[1][1558] 7737882
c[1][1559] 7685290
c[1][1560] 7770169
c[1][1561] 7877485
c[1][1562] 7717332
c[1][1563] 7695558
c[1][1564] 7772292
c[1][1565] 7707235
c[1][1566] 7742457
c[1][1567] 7725946
c[1][1568] 7669097
c[1][1569] 7597949
c[1][1570] 7709161
c[1][1571] 7673445
c[1][1572] 7524568
c[1][1573] 7903578
c[1][1574] 7705160
c[1][1575] 7759818
c[1][1576] 7769349
c[1][1577] 7660192
c[1][1578] 7582321
c[1][1579] 7879014
c[1][1580] 7698806
c[1][1581] 7671225
c[1][1582] 7566494
c[1][1583] 7817321
c[1][1584] 7701527
c[1][1585] 7650089
c[1][1586] 7624892
c[1][1587] 7830717
c[1][1588] 7696251
c[1][1589] 7599921
c[1][1590] 7805851
c[1][1591] 7743933
c[1][1592] 7861595
c[1][1593] 7857516
c[1][1594] 7674643
c[1][1595] 7704572
c[1][1596] 7756037
c[1][1597] 7918384
c[1][1598] 7718038
c[1][1599] 7826777
c[1][1600] 7808394
c[1][1601] 7802982
c[1][1602] 7699549
c[1][1603] 7734325
c[1][1604] 7837721
c[1][1605] 7779042
c[1][1606] 7660748
c[1][1607] 7890182
c[1][1608] 7579339
c[1][1609] 7809588
c[1][1610] 7660048
c[1][1611] 7855788
c[1][1612] 7835974
c[1][1613] 7871840
c[1][1614] 7614323
c[1][1615] 7738550
c[1][1616] 7856293
c[1][1617] 7586664
c[1][1618] 7750532
c[1][1619] 7775909
c[1][1620] 7705786
c[1][1621] 7596822
c[1][1622] 7656430
c[1][1623] 7573327
c[1][1624] 7692131
c[1][1625] 7709564
c[1][1626] 7810591
c[1][1627] 7601494
c[1][1628] 7794856
c[1][1629] 7754494
c[1][1630] 7840638
c[1][1631] 7687113
c[1][1632] 7694109
c[1][1633] 7833174
c[1][1634] 7634330
c[1][1635] 7794181
c[1][1636] 7742083
c[1][1637] 7855933
c[1][1638] 7814076
c[1][1639] 7698891
c[1][1640] 7690244
c[1][1641] 7725571
c[1][1642] 7833874
c[1][1643] 7784333
c[1][1644] 7841831
c[1][1645] 7859226
c[1][1646] 7640359
c[1][1647] 7763932
c[1][1648] 7574927
c[1][1649] 7692864
c[1][1650] 7646241
c[1][1651] 7818640
c[1][1652] 7783076
c[1][1653] 7633555
c[1][1654] 7821046
c[1][1655] 7805371
c[1][1656] 7735534
c[1][1657] 7626540
c[1][1658] 7771016
c[1][1659] 7644367
c[1][1660] 7790993
c[1][1661] 7585757
c[1][1662] 7617402
c[1][1663] 7544588
c[1][1664] 7615761
c[1][1665] 7751661
c[1][1666] 7821218
c[1][1667] 7562101
c[1][1668] 7560952
c[1][1669] 7799393
c[1][1670] 7787242
c[1][1671] 7696027
c[1][1672] 7776183
c[1][1673] 7836226
c[1][1674] 7710405
c[1][1675] 7797770
c[1][1676] 7659066
c[1][1677] 7655071
c[1][1678] 7763555
c[1][1679] 7784937
c[1][1680] 7764993
c[1][1681] 7746696
c[1][1682] 7664650
c[1][1683] 7795060
c[1][1684] 7848544
c[1][1685] 7728751
c[1][1686] 7643209
c[1][1687] 7808996
c[1][1688] 7691002
c[1][1689] 7775824
c[1][1690] 7692309
c[1][1691] 7889416
c[1][1692] 7744377
c[1][1693] 7802341
c[1][1694] 7542865
c[1][1695] 7850973
c[1][1696] 7903590
c[1][1697] 7804545
c[1][1698] 7648265
c[1][1699] 7831016
c[1][1700] 7668914
c[1][1701] 7719753
c[1][1702] 7765927
c[1][1703] 7721137
c[1][1704] 7807785
c[1][1705] 7708448
c[1][1706] 7746080
c[1][1707] 7640976
c[1][1708] 7642206
c[1][1709] 7772731
c[1][1710] 7883495
c[1][1711] 7698119
c[1][1712] 7577147
c[1][1713] 7719742
c[1][1714] 7660906
c[1][1715] 7610634
c[1][1716] 7718329
c[1][1717] 7716368
c[1][1718] 7595191
c[1][1719] 7738045
c[1][1720] 7757636
c[1][1721] 7575520
c[1][1722] 7866830
c[1][1723] 7714551
c[1][1724] 7781262
c[1][1725] 7746319
c[1][1726] 7824557
c[1][1727] 7606954
c[1][1728] 7750771
c[1][1729] 7666305
c[1][1730] 7777984
c[1][1731] 7776631
c[1][1732] 7805731
c[1][1733] 7629566
c[1][1734] 7679237
c[1][1735] 7605429
c[1][1736] 7723862
c[1][1737] 7809417
c[1][1738] 7689477
c[1][1739] 7549475
c[1][1740] 7592574
c[1][1741] 7538639
c[1][1742] 7715294
c[1][1743] 7895039
c[1][1744] 7689655
c[1][1745] 7892534
c[1][1746] 7771959
c[1][1747] 7793980
c[1][1748] 7794621
c[1][1749] 7568874
c[1][1750] 7730422
c[1][1751] 7776956
c[1][1752] 7717834
c[1][1753] 7828426
c[1][1754] 7718579
c[1][1755] 7565492
c[1][1756] 7776267
c[1][1757] 7798570
c[1][1758] 7710477
c[1][1759] 7834521
c[1][1760] 7743549
c[1][1761] 7870426
c[1][1762] 7659098
c[1][1763] 7784767
c[1][1764] 7700324
c[1][1765] 7776801
c[1][1766] 7832493
c[1][1767] 7815431
c[1][1768] 7660814
c[1][1769] 7792808
c[1][1770] 7853559
c[1][1771] 7780117
c[1][1772] 7719017
c[1][1773] 7737317
c[1][1774] 7688371
c[1][1775] 7876602
c[1][1776] 7779357
c[1][1777] 7830915
c[1][1778] 7751606
c[1][1779] 7519826
c[1][1780] 7503736
c[1][1781] 7811595
c[1][1782] 7619865
c[1][1783] 7726362
c[1][1784] 7820155
c[1][1785] 7784073
c[1][1786] 7741095
c[1][1787] 7737022
c[1][1788] 7743552
c[1][1789] 7784241
c[1][1790] 7785855
c[1][1791] 7707066
c[1][1792] 7736528
c[1][1793] 7709849
c[1][1794] 7746808
c[1][1795] 7698325
c[1][1796] 7607870
c[1][1797] 7579188
c[1][1798] 7569628
c[1][1799] 7824866
c[1][1800] 7713436
c[1][1801] 7673084
c[1][1802] 7794285
c[1][1803] 7924413
c[1][1804] 7699437
c[1][1805] 7754031
c[1][1806] 7831621
c[1][1807] 7749409
c[1][1808] 7833385
c[1][1809] 7853699
c[1][1810] 7759378
c[1][1811] 7935281
c[1][1812] 7599325
c[1][1813] 7825436
c[1][1814] 7769519
c[1][1815] 7720962
c[1][1816] 7686580
c[1][1817] 7759682
c[1][1818] 7905546
c[1][1819] 7733739
c[1][1820] 7790392
c[1][1821] 7886804
c[1][1822] 7895266
c[1][1823] 7570057
c[1][1824] 7793832
c[1][1825] 7772821
c[1][1826] 7727893
c[1][1827] 7806518
c[1][1828] 7677909
c[1][1829] 7744390
c[1][1830] 7833910
c[1][1831] 7675175
c[1][1832] 7654092
c[1][1833] 7701520
c[1][1834] 7603369
c[1][1835] 7806898
c[1][1836] 7601713
c[1][1837] 7664050
c[1][1838] 7836442
c[1][1839] 7547202
c[1][1840] 7747907
c[1][1841] 7630034
c[1][1842] 7662290
c[1][1843] 7697230
c[1][1844] 7764011
c[1][1845] 7835277
c[1][1846] 7820749
c[1][1847] 7775129
c[1][1848] 7842746
c[1][1849] 7693000
c[1][1850] 7884247
c[1][1851] 7700416
c[1][1852] 7688909
c[1][1853] 7828015
c[1][1854] 7724337
c[1][1855] 7702361
c[1][1856] 7673067
c[1][1857] 7764920
c[1][1858] 7718388
c[1][1859] 7798231
c[1][1860] 7694047
c[1][1861] 7677555
c[1][1862] 7561060
c[1][1863] 7837395
c[1][1864] 7531625
c[1][1865] 7682361
c[1][1866] 7700610
c[1][1867] 7712020
c[1][1868] 7829006
c[1][1869] 7746933
c[1][1870] 7544307
c[1][1871] 7718221
c[1][1872] 7765612
c[1][1873] 7659360
c[1][1874] 7678272
c[1][1875] 7710788
c[1][1876] 7651229
c[1][1877] 7763865
c[1][1878] 7499842
c[1][1879] 7668805
c[1][1880] 7630834
c[1][1881] 7867819
c[1][1882] 7815443
c[1][1883] 7679859
c[1][1884] 7668299
c[1][1885] 7817496
c[1][1886] 7647564
c[1][1887] 7810673
c[1][1888] 7799012
c[1][1889] 7588305
c[1][1890] 7887773
c[1][1891] 7773632
c[1][1892] 7840603
c[1][1893] 7655950
c[1][1894] 7774278
c[1][1895] 7695763
c[1][1896] 7672505
c[1][1897] 7657638
c[1][1898] 7775194
c[1][1899] 7726055
c[1][1900] 7650838
c[1][1901] 7686676
c[1][1902] 7928089
c[1][1903] 7537878
c[1][1904] 7630288
c[1][1905] 7813177
c[1][1906] 7840710
c[1][1907] 7709021
c[1][1908] 7786757
c[1][1909] 7867043
c[1][1910] 7983360
c[1][1911] 7881750
c[1][1912] 7781048
c[1][1913] 7697604
c[1][1914] 7754175
c[1][1915] 7662493
c[1][1916] 7773105
c[1][1917] 7810633
c[1][1918] 7742748
c[1][1919] 7676339
c[1][1920] 7776421
c[1][1921] 7866994
c[1][1922] 7856249
c[1][1923] 7711897
c[1][1924] 7615236
c[1][1925] 7913322
c[1][1926] 7711505
c[1][1927] 7759286
c[1][1928] 7798682
c[1][1929] 7809515
c[1][1930] 7607735
c[1][1931] 7663394
c[1][1932] 7610569
c[1][1933] 7683749
c[1][1934] 7632539
c[1][1935] 7724302
c[1][1936] 7650737
c[1][1937] 7818409
c[1][1938] 7681109
c[1][1939] 7754557
c[1][1940] 7830900
c[1][1941] 7663870
c[1][1942] 7713545
c[1][1943] 7682740
c[1][1944] 7787219
c[1][1945] 7679839
c[1][1946] 7637333
c[1][1947] 7666650
c[1][1948] 7666242
c[1][1949] 7687990
c[1][1950] 7825510
c[1][1951] 7888771
c[1][1952] 7748566
c[1][1953] 7554865
c[1][1954] 7506632
c[1][1955] 7645843
c[1][1956] 7824365
c[1][1957] 7806203
c[1][1958] 7759146
c[1][1959] 7686686
c[1][1960] 7757720
c[1][1961] 7609834
c[1][1962] 7665350
c[1][1963] 7885139
c[1][1964] 7908194
c[1][1965] 7740190
c[1][1966] 7756418
c[1][1967] 7697739
c[1][1968] 7746192
c[1][1969] 7769085
c[1][1970] 7857418
c[1][1971] 7808988
c[1][1972] 7680913
c[1][1973] 7797254
c[1][1974] 7622139
c[1][1975] 7661995
c[1][1976] 7821769
c[1][1977] 7753162
c[1][1978] 7691206
c[1][1979] 7892547
c[1][1980] 7779922
c[1][1981] 7876600
c[1][1982] 7856162
c[1][1983] 7662160
c[1][1984] 7698092
c[1][1985] 7666403
c[1][1986] 7690402
c[1][1987] 7677767
c[1][1988] 7692178
c[1][1989] 7737614
c[1][1990] 7798158
c[1][1991] 7824780
c[1][1992] 7681761
c[1][1993] 7751081
c[1][1994] 7684996
c[1][1995] 7742465
c[1][1996] 7603194
c[1][1997] 7769596
c[1][1998] 7722301
c[1][1999] 7726201
c[1][2000] 7802510
c[1][2001] 7799471
c[1][2002] 7589025
c[1][2003] 7760009
c[1][2004] 7853912
c[1][2005] 7949663
c[1][2006] 7675449
c[1][2007] 7595044
c[1][2008] 7592082
c[1][2009] 7710726
c[1][2010] 7848399
c[1][2011] 7756909
c[1][2012] 7756015
c[1][2013] 7795993
c[1][2014] 7806150
c[1][2015] 7728608
c[1][2016] 7701020
c[1][2017] 7654223
c[1][2018] 7638880
c[1][2019] 7819687
c[1][2020] 7899038
c[1][2021] 7795487
c[1][2022] 7691214
c[1][2023] 7672480
c[1][2024] 7824734
c[1][2025] 7621444
c[1][2026] 7899339
c[1][2027] 7734436
c[1][2028] 7673009
c[1][2029] 7834837
c[1][2030] 7646340
c[1][2031] 7644230
c[1][2032] 7715863
c[1][2033] 7792391
c[1][2034] 7759613
c[1][2035] 7852543
c[1][2036] 7764821
c[1][2037] 7672950
c[1][2038] 7723190
c[1][2039] 7677403
c[1][2040] 7799925
c[1][2041] 7801186
c[1][2042] 7809239
c[1][2043] 7684348
c[1][2044] 7753297
c[1][2045] 7664577
c[1][2046] 7784556
c[1][2047] 7764284
c[1][2048] 7685153
c[1][2049] 8011791
c[1][2050] 7605574
c[1][2051] 7819369
c[1][2052] 7727020
c[1][2053] 7906526
c[1][2054] 7769353
c[1][2055] 7645834
c[1][2056] 7761515
c[1][2057] 7913577
c[1][2058] 7760658
c[1][2059] 7692150
c[1][2060] 7670654
c[1][2061] 7869813
c[1][2062] 7765837
c[1][2063] 7792585
c[1][2064] 7656128
c[1][2065] 7654425
c[1][2066] 7537321
c[1][2067] 7782661
c[1][2068] 7733588
c[1][2069] 7708813
c[1][2070] 7604678
c[1][2071] 7974465
c[1][2072] 7656321
c[1][2073] 7820340
c[1][2074] 7575847
c[1][2075] 7923923
c[1][2076] 7487007
c[1][2077] 7642028
c[1][2078] 7679365
c[1][2079] 7724934
c[1][2080] 7667761
c[1][2081] 7723790
c[1][2082] 7840423
c[1][2083] 7679854
c[1][2084] 7899734
c[1][2085] 7709668
c[1][2086] 7735211
c[1][2087] 7745834
c[1][2088] 7694977
c[1][2089] 7801479
c[1][2090] 7869248
c[1][2091] 7812176
c[1][2092] 7627860
c[1][2093] 7846282
c[1][2094] 7679834
c[1][2095] 7775137
c[1][2096] 7734863
c[1][2097] 7813242
c[1][2098] 7891054
c[1][2099] 7916463
c[1][2100] 7891177
c[1][2101] 7706360
c[1][2102] 7804417
c[1][2103] 7710624
c[1][2104] 7717970
c[1][2105] 7952806
c[1][2106] 7677181
c[1][2107] 7715084
c[1][2108] 7764482
c[1][2109] 7764854
c[1][2110] 7767570
c[1][2111] 7800433
c[1][2112] 7726454
c[1][2113] 7739177
c[1][2114] 7705578
c[1][2115] 7701460
c[1][2116] 7690915
c[1][2117] 7763408
c[1][2118] 7680716
c[1][2119] 7800802
c[1][2120] 7761198
c[1][2121] 7844672
c[1][2122] 7772670
c[1][2123] 7546716
c[1][2124] 7669392
c[1][2125] 7851163
c[1][2126] 7793550
c[1][2127] 7741426
c[1][2128] 7843909
c[1][2129] 7608546
c[1][2130] 7710401
c[1][2131] 7716976
c[1][2132] 7735123
c[1][2133] 7608891
c[1][2134] 7852316
c[1][2135] 7641182
c[1][2136] 7702521
c[1][2137] 7738642
c[1][2138] 7777832
c[1][2139] 7847093
c[1][2140] 7901595
c[1][2141] 7709838
c[1][2142] 7652459
c[1][2143] 7701424
c[1][2144] 7672795
c[1][2145] 7725465
c[1][2146] 7618254
c[1][2147] 7780602
c[1][2148] 7676532
c[1][2149] 7799426
c[1][2150] 7639811
c[1][2151] 7716280
c[1][2152] 7834697
c[1][2153] 7816426
c[1][2154] 7732669
c[1][2155] 7874670
c[1][2156] 7856448
c[1][2157] 7711343
c[1][2158] 7690537
c[1][2159] 7889833
c[1][2160] 7604352
c[1][2161] 7699102
c[1][2162] 7817854
c[1][2163] 7698836
c[1][2164] 7758972
c[1][2165] 7897684
c[1][2166] 7821165
c[1][2167] 7868281
c[1][2168] 7910226
c[1][2169] 7748673
c[1][2170] 7849272
c[1][2171] 7834768
c[1][2172] 7704426
c[1][2173] 7672136
c[1][2174] 7696286
c[1][2175] 7920984
c[1][2176] 7705715
c[1][2177] 7795734
c[1][2178] 7626779
c[1][2179] 7804444
c[1][2180] 7730321
c[1][2181] 7672844
c[1][2182] 7834691
c[1][2183] 7752787
c[1][2184] 7830633
c[1][2185] 7666161
c[1][2186] 7700927
c[1][2187] 7620957
c[1][2188] 7882927
c[1][2189] 7821189
c[1][2190] 7613542
c[1][2191] 7749503
c[1][2192] 7752335
c[1][2193] 7840947
c[1][2194] 7622660
c[1][2195] 7542038
c[1][2196] 7745041
c[1][2197] 7722078
c[1][2198] 7646543
c[1][2199] 7788491
c[1][2200] 7889014
c[1][2201] 7684386
c[1][2202] 7788242
c[1][2203] 7800423
c[1][2204] 7778088
c[1][2205] 7966945
c[1][2206] 7624522
c[1][2207] 7665168
c[1][2208] 7733135
c[1][2209] 7786652
c[1][2210] 7784029
c[1][2211] 7649982
c[1][2212] 7737643
c[1][2213] 7751857
c[1][2214] 7736692
c[1][2215] 7729984
c[1][2216] 7664335
c[1][2217] 7847701
c[1][2218] 7736057
c[1][2219] 7686755
c[1][2220] 7803975
c[1][2221] 7607930
c[1][2222] 7694185
c[1][2223] 7805936
c[1][2224] 7636038
c[1][2225] 7701713
c[1][2226] 7804051
c[1][2227] 7728989
c[1][2228] 7497688
c[1][2229] 7699061
c[1][2230] 7707299
c[1][2231] 7763615
c[1][2232] 7931636
c[1][2233] 7687337
c[1][2234] 7811151
c[1][2235] 7814538
c[1][2236] 7670435
c[1][2237] 7714923
c[1][2238] 7686812
c[1][2239] 7611339
c[1][2240] 7645098
c[1][2241] 7793054
c[1][2242] 7684570
c[1][2243] 7765688
c[1][2244] 7932666
c[1][2245] 7590918
c[1][2246] 7727700
c[1][2247] 7648748
c[1][2248] 7756671
c[1][2249] 7851259
c[1][2250] 7769165
c[1][2251] 7673761
c[1][2252] 7683382
c[1][2253] 7663881
c[1][2254] 7833563
c[1][2255] 7829501
c[1][2256] 7835888
c[1][2257] 7847124
c[1][2258] 7612774
c[1][2259] 7699942
c[1][2260] 7725101
c[1][2261] 7831949
c[1][2262] 7763113
c[1][2263] 7897950
c[1][2264] 7809991
c[1][2265] 7704416
c[1][2266] 7660147
c[1][2267] 7821846
c[1][2268] 7751991
c[1][2269] 7771059
c[1][2270] 7759551
c[1][2271] 7665075
c[1][2272] 7871868
c[1][2273] 7847043
c[1][2274] 7771863
c[1][2275] 7590902
c[1][2276] 7690172
c[1][2277] 7787686
c[1][2278] 7783937
c[1][2279] 7782218
c[1][2280] 7693448
c[1][2281] 7816690
c[1][2282] 7778957
c[1][2283] 7684043
c[1][2284] 7749765
c[1][2285] 7785315
c[1][2286] 7570370
c[1][2287] 7873394
c[1][2288] 7650875
c[1][2289] 7877042
c[1][2290] 7967701
c[1][2291] 7688902
c[1][2292] 7870602
c[1][2293] 7625820
c[1][2294] 7700879
c[1][2295] 7643676
c[1][2296] 7661443
c[1][2297] 7851946
c[1][2298] 7762456
c[1][2299] 7775958
c[1][2300] 7741890
c[1][2301] 7821003
c[1][2302] 7555658
c[1][2303] 7622840
c[1][2304] 7782140
c[1][2305] 7678177
c[1][2306] 7664565
c[1][2307] 7787201
c[1][2308] 7616648
c[1][2309] 7727618
c[1][2310] 7742064
c[1][2311] 7773497
c[1][2312] 7693151
c[1][2313] 7791819
c[1][2314] 7633405
c[1][2315] 7616640
c[1][2316] 7853644
c[1][2317] 7780060
c[1][2318] 7699081
c[1][2319] 7955298
c[1][2320] 7902317
c[1][2321] 7693388
c[1][2322] 7960703
c[1][2323] 7732253
c[1][2324] 7947416
c[1][2325] 7722455
c[1][2326] 7857649
c[1][2327] 7715925
c[1][2328] 7783694
c[1][2329] 7644422
c[1][2330] 7693290
c[1][2331] 7654489
c[1][2332] 7701766
c[1][2333] 7699671
c[1][2334] 7646729
c[1][2335] 7758318
c[1][2336] 7903460
c[1][2337] 7716183
c[1][2338] 7737335
c[1][2339] 7792305
c[1][2340] 7599343
c[1][2341] 7772248
c[1][2342] 7723732
c[1][2343] 7592178
c[1][2344] 7760192
c[1][2345] 7751579
c[1][2346] 7660589
c[1][2347] 7687619
c[1][2348] 7766373
c[1][2349] 7943941
c[1][2350] 7774179
c[1][2351] 7601556
c[1][2352] 7772530
c[1][2353] 7786989
c[1][2354] 7790995
c[1][2355] 7814836
c[1][2356] 7735634
c[1][2357] 7881806
c[1][2358] 7669031
c[1][2359] 7677591
c[1][2360] 7730397
c[1][2361] 7719767
c[1][2362] 7760114
c[1][2363] 7731284
c[1][2364] 7777568
c[1][2365] 7834322
c[1][2366] 7806150
c[1][2367] 7792393
c[1][2368] 7844321
c[1][2369] 7882390
c[1][2370] 7759570
c[1][2371] 7642314
c[1][2372] 7688799
c[1][2373] 7722705
c[1][2374] 7812507
c[1][2375] 7771821
c[1][2376] 7667386
c[1][2377] 7670840
c[1][2378] 7598779
c[1][2379] 7824561
c[1][2380] 7730353
c[1][2381] 7753793
c[1][2382] 7668246
c[1][2383] 7681508
c[1][2384] 7786448
c[1][2385] 7859588
c[1][2386] 7742226
c[1][2387] 7687182
c[1][2388] 7781747
c[1][2389] 7888705
c[1][2390] 7814817
c[1][2391] 7834654
c[1][2392] 7796413
c[1][2393] 7735678
c[1][2394] 7681523
c[1][2395] 7744890
c[1][2396] 7744466
c[1][2397] 7759838
c[1][2398] 7818690
c[1][2399] 7655410
c[1][2400] 7754368
c[1][2401] 7788899
c[1][2402] 7757577
c[1][2403] 7804121
c[1][2404] 7669362
c[1][2405] 7713883
c[1][2406] 7765260
c[1][2407] 7752719
c[1][2408] 7713609
c[1][2409] 7774893
c[1][2410] 7810742
c[1][2411] 7749951
c[1][2412] 7710764
c[1][2413] 7664380
c[1][2414] 7812392
c[1][2415] 7748204
c[1][2416] 7887254
c[1][2417] 7858612
c[1][2418] 7715425
c[1][2419] 7819916
c[1][2420] 7676410
c[1][2421] 7746553
c[1][2422] 7609493
c[1][2423] 7766074
c[1][2424] 7817843
c[1][2425] 7841758
c[1][2426] 7823844
c[1][2427] 7766522
c[1][2428] 7771101
c[1][2429] 7502073
c[1][2430] 7772274
c[1][2431] 7807983
c[1][2432] 7678894
c[1][2433] 7743710
c[1][2434] 7648125
c[1][2435] 7728107
c[1][2436] 7727348
c[1][2437] 7835672
c[1][2438] 7797688
c[1][2439] 7839887
c[1][2440] 7760241
c[1][2441] 7653479
c[1][2442] 7699687
c[1][2443] 7673026
c[1][2444] 7727586
c[1][2445] 7677493
c[1][2446] 7686664
c[1][2447] 7907728
c[1][2448] 7700497
c[1][2449] 7767365
c[1][2450] 7885727
c[1][2451] 7683340
c[1][2452] 7776225
c[1][2453] 7776101
c[1][2454] 7793743
c[1][2455] 7807928
c[1][2456] 7689268
c[1][2457] 7798045
c[1][2458] 7891493
c[1][2459] 7636742
c[1][2460] 7804172
c[1][2461] 7786354
c[1][2462] 7960939
c[1][2463] 7736966
c[1][2464] 7875231
c[1][2465] 7606534
c[1][2466] 7569272
c[1][2467] 7723869
c[1][2468] 7880410
c[1][2469] 7638113
c[1][2470] 7709923
c[1][2471] 7729802
c[1][2472] 7729751
c[1][2473] 7732538
c[1][2474] 7704150
c[1][2475] 7558593
c[1][2476] 7725196
c[1][2477] 7685643
c[1][2478] 7938917
c[1][2479] 7747306
c[1][2480] 7695841
c[1][2481] 7849485
c[1][2482] 7659064
c[1][2483] 7740879
c[1][2484] 7779737
c[1][2485] 7844634
c[1][2486] 7670198
c[1][2487] 7673342
c[1][2488] 7747387
c[1][2489] 7811861
c[1][2490] 7841291
c[1][2491] 7799828
c[1][2492] 7618571
c[1][2493] 7777361
c[1][2494] 7807995
c[1][2495] 7704606
c[1][2496] 7736384
c[1][2497] 7672302
c[1][2498] 7885462
c[1][2499] 7746211
c[1][2500] 7738993
c[1][2501] 7722716
c[1][2502] 7649706
c[1][2503] 7907836
c[1][2504] 7760329
c[1][2505] 7518366
c[1][2506] 7669692
c[1][2507] 7620563
c[1][2508] 7774622
c[1][2509] 7748634
c[1][2510] 7695005
c[1][2511] 7655053
c[1][2512] 7881358
c[1][2513] 7808819
c[1][2514] 7762996
c[1][2515] 7659260
c[1][2516] 7774237
c[1][2517] 7773895
c[1][2518] 7956341
c[1][2519] 7856912
c[1][2520] 7681907
c[1][2521] 7840107
c[1][2522] 7734607
c[1][2523] 7599453
c[1][2524] 7769584
c[1][2525] 7828435
c[1][2526] 7612588
c[1][2527] 7917360
c[1][2528] 7897593
c[1][2529] 7643214
c[1][2530] 7779983
c[1][2531] 7927125
c[1][2532] 7711386
c[1][2533] 7597380
c[1][2534] 7760500
c[1][2535] 7722814
c[1][2536] 7646029
c[1][2537] 7621089
c[1][2538] 7805013
c[1][2539] 7841761
c[1][2540] 7693882
c[1][2541] 7762314
c[1][2542] 7686957
c[1][2543] 7667636
c[1][2544] 7807333
c[1][2545] 7842317
c[1][2546] 7810927
c[1][2547] 7755154
c[1][2548] 7756615
c[1][2549] 7660261
c[1][2550] 7671445
c[1][2551] 7898550
c[1][2552] 7539395
c[1][2553] 7844657
c[1][2554] 7548487
c[1][2555] 7717928
c[1][2556] 7631027
c[1][2557] 7875766
c[1][2558] 7873628
c[1][2559] 7806696
c[1][2560] 7678826
c[1][2561] 7801727
c[1][2562] 7726148
c[1][2563] 7770145
c[1][2564] 7661295
c[1][2565] 7807978
c[1][2566] 7892373
c[1][2567] 7784377
c[1][2568] 7737198
c[1][2569] 7603311
c[1][2570] 7617616
c[1][2571] 7929552
c[1][2572] 7704758
c[1][2573] 7618593
c[1][2574] 7729029
c[1][2575] 7735746
c[1][2576] 7741168
c[1][2577] 7720454
c[1][2578] 7715655
c[1][2579] 7620972
c[1][2580] 7906596
c[1][2581] 7944000
c[1][2582] 7607891
c[1][2583] 7712224
c[1][2584] 7714051
c[1][2585] 7746892
c[1][2586] 7552600
c[1][2587] 7739898
c[1][2588] 7673764
c[1][2589] 7741764
c[1][2590] 7850095
c[1][2591] 7819684
c[1][2592] 7647567
c[1][2593] 7703386
c[1][2594] 7863055
c[1][2595] 7906465
c[1][2596] 7895084
c[1][2597] 7933442
c[1][2598] 7749662
c[1][2599] 7845913
c[1][2600] 7864002
c[1][2601] 7715194
c[1][2602] 7676484
c[1][2603] 7886738
c[1][2604] 7728428
c[1][2605] 7836161
c[1][2606] 7743491
c[1][2607] 7713641
c[1][2608] 7734997
c[1][2609] 7694168
c[1][2610] 7767060
c[1][2611] 7530479
c[1][2612] 7803017
c[1][2613] 7805907
c[1][2614] 7711511
c[1][2615] 7854364
c[1][2616] 7661107
c[1][2617] 7755887
c[1][2618] 7818342
c[1][2619] 7757678
c[1][2620] 7796498
c[1][2621] 7659700
c[1][2622] 7682036
c[1][2623] 7814618
c[1][2624] 7791125
c[1][2625] 7786862
c[1][2626] 7634181
c[1][2627] 7775151
c[1][2628] 7937798
c[1][2629] 7833521
c[1][2630] 7710699
c[1][2631] 7660424
c[1][2632] 7856700
c[1][2633] 7789006
c[1][2634] 7651620
c[1][2635] 7672650
c[1][2636] 7838108
c[1][2637] 7699787
c[1][2638] 7752544
c[1][2639] 7756828
c[1][2640] 7494890
c[1][2641] 7600635
c[1][2642] 7845422
c[1][2643] 7780980
c[1][2644] 7770044
c[1][2645] 7583675
c[1][2646] 7764935
c[1][2647] 7841332
c[1][2648] 7807513
c[1][2649] 7687473
c[1][2650] 7823736
c[1][2651] 7754862
c[1][2652] 7692330
c[1][2653] 7738019
c[1][2654] 7739602
c[1][2655] 7824378
c[1][2656] 7646177
c[1][2657] 7687877
c[1][2658] 7740488
c[1][2659] 7720971
c[1][2660] 7557714
c[1][2661] 7785276
c[1][2662] 7851696
c[1][2663] 7788577
c[1][2664] 7794869
c[1][2665] 7710957
c[1][2666] 7923605
c[1][2667] 7653739
c[1][2668] 7627264
c[1][2669] 7619613
c[1][2670] 7646901
c[1][2671] 7745743
c[1][2672] 7840865
c[1][2673] 7677047
c[1][2674] 7800674
c[1][2675] 7743169
c[1][2676] 7726247
c[1][2677] 7580747
c[1][2678] 7659578
c[1][2679] 7689788
c[1][2680] 7729642
c[1][2681] 7835205
c[1][2682] 7824120
c[1][2683] 7827173
c[1][2684] 7787343
c[1][2685] 7769784
c[1][2686] 7835191
c[1][2687] 7735944
c[1][2688] 7685833
c[1][2689] 7613278
c[1][2690] 7784365
c[1][2691] 7719959
c[1][2692] 7726264
c[1][2693] 7711189
c[1][2694] 7883496
c[1][2695] 7700268
c[1][2696] 7852366
c[1][2697] 7691998
c[1][2698] 7534825
c[1][2699] 7562865
c[1][2700] 7684500
c[1][2701] 7711214
c[1][2702] 7732920
c[1][2703] 7779557
c[1][2704] 7825028
c[1][2705] 7629603
c[1][2706] 7749565
c[1][2707] 7780680
c[1][2708] 7925794
c[1][2709] 7620942
c[1][2710] 7818638
c[1][2711] 7752084
c[1][2712] 7625087
c[1][2713] 7703161
c[1][2714] 7675705
c[1][2715] 7807877
c[1][2716] 7734622
c[1][2717] 7750266
c[1][2718] 7928753
c[1][2719] 7516968
c[1][2720] 7705512
c[1][2721] 7675079
c[1][2722] 7696032
c[1][2723] 7862216
c[1][2724] 7686126
c[1][2725] 7686370
c[1][2726] 7699840
c[1][2727] 7676444
c[1][2728] 7702062
c[1][2729] 7706067
c[1][2730] 7540862
c[1][2731] 7656740
c[1][2732] 7826120
c[1][2733] 7688451
c[1][2734] 7914617
c[1][2735] 7552345
c[1][2736] 7760099
c[1][2737] 7776959
c[1][2738] 7942099
c[1][2739] 7632044
c[1][2740] 7695265
c[1][2741] 7740323
c[1][2742] 7908415
c[1][2743] 7643563
c[1][2744] 7736680
c[1][2745] 7734240
c[1][2746] 7757793
c[1][2747] 7848986
c[1][2748] 7855087
c[1][2749] 7565653
c[1][2750] 7740737
c[1][2751] 7739667
c[1][2752] 7653744
c[1][2753] 7739153
c[1][2754] 7722577
c[1][2755] 7782996
c[1][2756] 7659308
c[1][2757] 7797089
c[1][2758] 7755760
c[1][2759] 7662809
c[1][2760] 7847362
c[1][2761] 7747700
c[1][2762] 7841801
c[1][2763] 7805316
c[1][2764] 7741199
c[1][2765] 7797911
c[1][2766] 7850874
c[1][2767] 7706733
c[1][2768] 7918714
c[1][2769] 7818475
c[1][2770] 7758185
c[1][2771] 7909819
c[1][2772] 7740240
c[1][2773] 7700522
c[1][2774] 7790116
c[1][2775] 7729776
c[1][2776] 7726887
c[1][2777] 7713667
c[1][2778] 7776163
c[1][2779] 7828981
c[1][2780] 7689177
c[1][2781] 7793281
c[1][2782] 7833745
c[1][2783] 7722821
c[1][2784] 7859129
c[1][2785] 7803884
c[1][2786] 7863748
c[1][2787] 7798704
c[1][2788] 7841688
c[1][2789] 7777328
c[1][2790] 7800161
c[1][2791] 7783584
c[1][2792] 7830247
c[1][2793] 7860540
c[1][2794] 7658402
c[1][2795] 7734459
c[1][2796] 7916176
c[1][2797] 7640804
c[1][2798] 7798544
c[1][2799] 7646753
c[1][2800] 7841356
c[1][2801] 7790196
c[1][2802] 7665044
c[1][2803] 7827333
c[1][2804] 7813638
c[1][2805] 7901943
c[1][2806] 7715222
c[1][2807] 7852285
c[1][2808] 7794845
c[1][2809] 7817812
c[1][2810] 7726368
c[1][2811] 7723324
c[1][2812] 7695095
c[1][2813] 7716847
c[1][2814] 7585301
c[1][2815] 7729793
c[1][2816] 7729310
c[1][2817] 7784428
c[1][2818] 7811776
c[1][2819] 7698193
c[1][2820] 7714031
c[1][2821] 7627771
c[1][2822] 7645116
c[1][2823] 7800863
c[1][2824] 7720966
c[1][2825] 7591684
c[1][2826] 7834797
c[1][2827] 7770002
c[1][2828] 7681308
c[1][2829] 7691984
c[1][2830] 7863196
c[1][2831] 7626837
c[1][2832] 7663032
c[1][2833] 7719468
c[1][2834] 7885860
c[1][2835] 7950928
c[1][2836] 7702384
c[1][2837] 7742124
c[1][2838] 7818320
c[1][2839] 7819767
c[1][2840] 7780305
c[1][2841] 7769749
c[1][2842] 7809354
c[1][2843] 7749127
c[1][2844] 7712617
c[1][2845] 7818441
c[1][2846] 7780952
c[1][2847] 7787101
c[1][2848] 7729728
c[1][2849] 7844589
c[1][2850] 7750245
c[1][2851] 7656944
c[1][2852] 7762369
c[1][2853] 7704116
c[1][2854] 7697453
c[1][2855] 7708334
c[1][2856] 7805598
c[1][2857] 7867488
c[1][2858] 7641152
c[1][2859] 7815295
c[1][2860] 7830656
c[1][2861] 7730482
c[1][2862] 7939411
c[1][2863] 7743551
c[1][2864] 7762149
c[1][2865] 7713077
c[1][2866] 7764220
c[1][2867] 7725706
c[1][2868] 7778093
c[1][2869] 7724061
c[1][2870] 7642401
c[1][2871] 7686508
c[1][2872] 7629180
c[1][2873] 7717571
c[1][2874] 7762757
c[1][2875] 7665512
c[1][2876] 7639207
c[1][2877] 7624869
c[1][2878] 7675039
c[1][2879] 7767396
c[1][2880] 7684699
c[1][2881] 7710042
c[1][2882] 7838722
c[1][2883] 7907840
c[1][2884] 7853805
c[1][2885] 7613890
c[1][2886] 7829880
c[1][2887] 7820339
c[1][2888] 7742831
c[1][2889] 7904242
c[1][2890] 7645040
c[1][2891] 7719559
c[1][2892] 7675955
c[1][2893] 7623667
c[1][2894] 7682643
c[1][2895] 7642451
c[1][2896] 7831084
c[1][2897] 7776026
c[1][2898] 7782687
c[1][2899] 7657972
c[1][2900] 7659838
c[1][2901] 7754134
c[1][2902] 7642756
c[1][2903] 7767906
c[1][2904] 7643182
c[1][2905] 7631182
c[1][2906] 7715590
c[1][2907] 7797382
c[1][2908] 7787289
c[1][2909] 7496910
c[1][2910] 7678849
c[1][2911] 7702403
c[1][2912] 7761477
c[1][2913] 7916300
c[1][2914] 7936938
c[1][2915] 7709008
c[1][2916] 7850867
c[1][2917] 7882399
c[1][2918] 7640335
c[1][2919] 7833997
c[1][2920] 7690981
c[1][2921] 7850054
c[1][2922] 7717708
c[1][2923] 7738369
c[1][2924] 7816916
c[1][2925] 7703354
c[1][2926] 7710702
c[1][2927] 7604670
c[1][2928] 7600464
c[1][2929] 7948242
c[1][2930] 7614313
c[1][2931] 7754087
c[1][2932] 7837080
c[1][2933] 7546894
c[1][2934] 7652468
c[1][2935] 7648375
c[1][2936] 7779133
c[1][2937] 7604081
c[1][2938] 7734357
c[1][2939] 7656258
c[1][2940] 7709081
c[1][2941] 7856838
c[1][2942] 7881562
c[1][2943] 7784714
c[1][2944] 7712357
c[1][2945] 7683195
c[1][2946] 7697559
c[1][2947] 7716597
c[1][2948] 7806704
c[1][2949] 7774763
c[1][2950] 7826643
c[1][2951] 7767517
c[1][2952] 7729446
c[1][2953] 7781393
c[1][2954] 7794908
c[1][2955] 7726645
c[1][2956] 7585423
c[1][2957] 7779485
c[1][2958] 7716413
c[1][2959] 7648275
c[1][2960] 7886442
c[1][2961] 7797688
c[1][2962] 7901918
c[1][2963] 7847520
c[1][2964] 7612273
c[1][2965] 7788651
c[1][2966] 7803858
c[1][2967] 7722036
c[1][2968] 7728349
c[1][2969] 7780701
c[1][2970] 7708417
c[1][2971] 7790273
c[1][2972] 7585666
c[1][2973] 7904564
c[1][2974] 7713153
c[1][2975] 7826522
c[1][2976] 7919689
c[1][2977] 7897255
c[1][2978] 7723742
c[1][2979] 7725491
c[1][2980] 7730283
c[1][2981] 7739499
c[1][2982] 7644361
c[1][2983] 7819437
c[1][2984] 7838094
c[1][2985] 7868301
c[1][2986] 7804311
c[1][2987] 7844076
c[1][2988] 7601520
c[1][2989] 7722400
c[1][2990] 7809916
c[1][2991] 7733213
c[1][2992] 7819319
c[1][2993] 7758265
c[1][2994] 7654892
c[1][2995] 7698168
c[1][2996] 7839344
c[1][2997] 7654939
c[1][2998] 7687826
c[1][2999] 7710844
c[1][3000] 7726451
c[1][3001] 7689416
c[1][3002] 7833308
c[1][3003] 7819712
c[1][3004] 7684702
c[1][3005] 7832298
c[1][3006] 7817006
c[1][3007] 7953556
c[1][3008] 7741385
c[1][3009] 7739962
c[1][3010] 7911294
c[1][3011] 7761628
c[1][3012] 7705456
c[1][3013] 7769188
c[1][3014] 7759834
c[1][3015] 7636968
c[1][3016] 7852029
c[1][3017] 7721441
c[1][3018] 7611443
c[1][3019] 7685629
c[1][3020] 7834108
c[1][3021] 7868585
c[1][3022] 7479923
c[1][3023] 7795479
c[1][3024] 7621535
c[1][3025] 7812534
c[1][3026] 7643878
c[1][3027] 7699981
c[1][3028] 7658606
c[1][3029] 7740709
c[1][3030] 7538452
c[1][3031] 7750185
c[1][3032] 7736506
c[1][3033] 7627457
c[1][3034] 7862546
c[1][3035] 7840293
c[1][3036] 7688660
c[1][3037] 7471124
c[1][3038] 7869364
c[1][3039] 7743982
c[1][3040] 7827642
c[1][3041] 7865980
c[1][3042] 7759831
c[1][3043] 7714239
c[1][3044] 7798901
c[1][3045] 7661669
c[1][3046] 7607411
c[1][3047] 7652199
c[1][3048] 7685096
c[1][3049] 7899026
c[1][3050] 7837511
c[1][3051] 7767479
c[1][3052] 7855276
c[1][3053] 7802211
c[1][3054] 7854061
c[1][3055] 7870656
c[1][3056] 7800518
c[1][3057] 7800012
c[1][3058] 7691720
c[1][3059] 7752897
c[1][3060] 7765808
c[1][3061] 7741711
c[1][3062] 7799846
c[1][3063] 7774801
c[1][3064] 7921810
c[1][3065] 7762583
c[1][3066] 7783162
c[1][3067] 7864826
c[1][3068] 7762019
c[1][3069] 7814602
c[1][3070] 7634845
c[1][3071] 7876099
c[1][3072] 7475355
c[1][3073] 7681984
c[1][3074] 7780115
c[1][3075] 7665764
c[1][3076] 7790572
c[1][3077] 7671470
c[1][3078] 7734164
c[1][3079] 7688065
c[1][3080] 7716497
c[1][3081] 7626750
c[1][3082] 7839652
c[1][3083] 7706257
c[1][3084] 7593580
c[1][3085] 7904865
c[1][3086] 7762851
c[1][3087] 7705079
c[1][3088] 7842999
c[1][3089] 7726452
c[1][3090] 7956764
c[1][3091] 7844303
c[1][3092] 7734083
c[1][3093] 7732148
c[1][3094] 7745392
c[1][3095] 7813294
c[1][3096] 7739461
c[1][3097] 7704787
c[1][3098] 7768472
c[1][3099] 7751244
c[1][3100] 7878161
c[1][3101] 7705174
c[1][3102] 7866755
c[1][3103] 7734886
c[1][3104] 7738377
c[1][3105] 7694065
c[1][3106] 7809418
c[1][3107] 7750673
c[1][3108] 7463197
c[1][3109] 7710949
c[1][3110] 7698947
c[1][3111] 7853762
c[1][3112] 7915303
c[1][3113] 7825611
c[1][3114] 7931153
c[1][3115] 7786795
c[1][3116] 7733620
c[1][3117] 7715240
c[1][3118] 7748040
c[1][3119] 7867803
c[1][3120] 7871732
c[1][3121] 7881737
c[1][3122] 7789284
c[1][3123] 7606169
c[1][3124] 7877795
c[1][3125] 7743913
c[1][3126] 7656808
c[1][3127] 7700034
c[1][3128] 7683000
c[1][3129] 7581288
c[1][3130] 7642309
c[1][3131] 7687396
c[1][3132] 7551307
c[1][3133] 7783546
c[1][3134] 7746404
c[1][3135] 7575109
c[1][3136] 7652522
c[1][3137] 7681881
c[1][3138] 7663263
c[1][3139] 7889068
c[1][3140] 7787567
c[1][3141] 7642381
c[1][3142] 7687460
c[1][3143] 7834057
c[1][3144] 7703807
c[1][3145] 7701176
c[1][3146] 7831831
c[1][3147] 7731347
c[1][3148] 7671049
c[1][3149] 7787267
c[1][3150] 7835933
c[1][3151] 7695494
c[1][3152] 7596634
c[1][3153] 7847951
c[1][3154] 7806105
c[1][3155] 7702088
c[1][3156] 7701670
c[1][3157] 7749914
c[1][3158] 7679224
c[1][3159] 7598640
c[1][3160] 7869908
c[1][3161] 7729643
c[1][3162] 7759882
c[1][3163] 7872861
c[1][3164] 7763782
c[1][3165] 7638327
c[1][3166] 7750777
c[1][3167] 7889848
c[1][3168] 7846256
c[1][3169] 7624326
c[1][3170] 7660161
c[1][3171] 7780822
c[1][3172] 7627241
c[1][3173] 7713820
c[1][3174] 7780480
c[1][3175] 7699347
c[1][3176] 7603363
c[1][3177] 7601180
c[1][3178] 7593285
c[1][3179] 7841993
c[1][3180] 7702506
c[1][3181] 7727155
c[1][3182] 7708273
c[1][3183] 7828785
c[1][3184] 7761555
c[1][3185] 7734012
c[1][3186] 7860503
c[1][3187] 7701748
c[1][3188] 7614356
c[1][3189] 7793075
c[1][3190] 7668426
c[1][3191] 7866936
c[1][3192] 7782738
c[1][3193] 7777437
c[1][3194] 7717033
c[1][3195] 7848751
c[1][3196] 7646347
c[1][3197] 7760108
c[1][3198] 7872512
c[1][3199] 7750280
0.037881s

