c[0][0] 7899339
c[0][1] 7916909
c[0][2] 7893980
c[0][3] 7951492
c[0][4] 8037512
c[0][5] 7854654
c[0][6] 7925474
c[0][7] 7907502
c[0][8] 7819582
c[0][9] 7924060
c[0][10] 7974031
c[0][11] 7973784
c[0][12] 8131788
c[0][13] 7974554
c[0][14] 7805597
c[0][15] 8034992
c[0][16] 8117405
c[0][17] 7917470
c[0][18] 7824692
c[0][19] 7847391
c[0][20] 7887691
c[0][21] 7855905
c[0][22] 7946110
c[0][23] 8060984
c[0][24] 8023094
c[0][25] 7953534
c[0][26] 8064530
c[0][27] 7952384
c[0][28] 7916252
c[0][29] 8121440
c[0][30] 8023269
c[0][31] 8094168
c[0][32] 7915927
c[0][33] 7867909
c[0][34] 7875088
c[0][35] 8024785
c[0][36] 7971490
c[0][37] 7811570
c[0][38] 8218115
c[0][39] 7867879
c[0][40] 7870440
c[0][41] 7963493
c[0][42] 7819357
c[0][43] 7923566
c[0][44] 7895763
c[0][45] 8074621
c[0][46] 7933422
c[0][47] 7855932
c[0][48] 7807075
c[0][49] 8105612
c[0][50] 8057043
c[0][51] 7928705
c[0][52] 7915153
c[0][53] 7948550
c[0][54] 7930811
c[0][55] 7833711
c[0][56] 7787357
c[0][57] 7936699
c[0][58] 8031096
c[0][59] 7936010
c[0][60] 7754122
c[0][61] 7807268
c[0][62] 7977478
c[0][63] 7969101
c[0][64] 8010860
c[0][65] 7875459
c[0][66] 8026757
c[0][67] 8014701
c[0][68] 8083396
c[0][69] 8033243
c[0][70] 8002026
c[0][71] 7897229
c[0][72] 7890757
c[0][73] 7956116
c[0][74] 7964864
c[0][75] 8001499
c[0][76] 8073668
c[0][77] 7758061
c[0][78] 7903288
c[0][79] 7959222
c[0][80] 7756843
c[0][81] 7956883
c[0][82] 7940737
c[0][83] 7901409
c[0][84] 7965692
c[0][85] 7938264
c[0][86] 8114039
c[0][87] 7795503
c[0][88] 7947727
c[0][89] 7830096
c[0][90] 7894647
c[0][91] 7820206
c[0][92] 7977051
c[0][93] 7808620
c[0][94] 7961852
c[0][95] 7885535
c[0][96] 7792406
c[0][97] 8151380
c[0][98] 8015990
c[0][99] 7957510
c[0][100] 7881952
c[0][101] 8135096
c[0][102] 7912565
c[0][103] 8112075
c[0][104] 7853372
c[0][105] 8038411
c[0][106] 7891182
c[0][107] 7999824
c[0][108] 7950678
c[0][109] 7981970
c[0][110] 8152126
c[0][111] 7778821
c[0][112] 7893460
c[0][113] 7972399
c[0][114] 7898640
c[0][115] 7974531
c[0][116] 8023371
c[0][117] 7859744
c[0][118] 7949979
c[0][119] 8036713
c[0][120] 7975282
c[0][121] 7964203
c[0][122] 7927185
c[0][123] 7945517
c[0][124] 7956505
c[0][125] 8078882
c[0][126] 7938558
c[0][127] 7990260
c[0][128] 7905709
c[0][129] 8020158
c[0][130] 8046104
c[0][131] 7990840
c[0][132] 8091811
c[0][133] 7952968
c[0][134] 7953082
c[0][135] 7890115
c[0][136] 7957125
c[0][137] 7793313
c[0][138] 7978966
c[0][139] 7991697
c[0][140] 7939673
c[0][141] 8020900
c[0][142] 7931355
c[0][143] 7998189
c[0][144] 7967951
c[0][145] 7919736
c[0][146] 7980103
c[0][147] 7919779
c[0][148] 7931601
c[0][149] 7936621
c[0][150] 7849919
c[0][151] 7819607
c[0][152] 8052637
c[0][153] 7892427
c[0][154] 8086104
c[0][155] 7762225
c[0][156] 7960534
c[0][157] 8057706
c[0][158] 7869182
c[0][159] 8050049
c[0][160] 7973214
c[0][161] 7879753
c[0][162] 8027847
c[0][163] 7923301
c[0][164] 7962212
c[0][165] 7818366
c[0][166] 7914195
c[0][167] 7844096
c[0][168] 7960793
c[0][169] 7949588
c[0][170] 7806714
c[0][171] 7846407
c[0][172] 7962701
c[0][173] 7858507
c[0][174] 8032595
c[0][175] 7885493
c[0][176] 7998227
c[0][177] 7983218
c[0][178] 7963862
c[0][179] 8015997
c[0][180] 7972403
c[0][181] 7997027
c[0][182] 7892005
c[0][183] 7952422
c[0][184] 7877658
c[0][185] 7770225
c[0][186] 7863543
c[0][187] 8080649
c[0][188] 7856782
c[0][189] 7934279
c[0][190] 7852135
c[0][191] 7789246
c[0][192] 8060454
c[0][193] 7972690
c[0][194] 7925682
c[0][195] 7836316
c[0][196] 7816110
c[0][197] 7931790
c[0][198] 8031551
c[0][199] 7978370
c[0][200] 7947634
c[0][201] 7782996
c[0][202] 7970070
c[0][203] 7990204
c[0][204] 8015032
c[0][205] 7840033
c[0][206] 8041862
c[0][207] 7824933
c[0][208] 7842411
c[0][209] 7864479
c[0][210] 7884291
c[0][211] 7863780
c[0][212] 7991360
c[0][213] 7975692
c[0][214] 7996705
c[0][215] 7953966
c[0][216] 8097960
c[0][217] 7866673
c[0][218] 8128449
c[0][219] 8012621
c[0][220] 7942547
c[0][221] 7894614
c[0][222] 7946466
c[0][223] 7806896
c[0][224] 7721973
c[0][225] 7903193
c[0][226] 7918975
c[0][227] 7854027
c[0][228] 8226814
c[0][229] 7792054
c[0][230] 7964489
c[0][231] 7861204
c[0][232] 8025467
c[0][233] 7996076
c[0][234] 7862818
c[0][235] 8044952
c[0][236] 8027841
c[0][237] 7893760
c[0][238] 7755970
c[0][239] 7992570
c[0][240] 7686928
c[0][241] 8098078
c[0][242] 7845877
c[0][243] 7887524
c[0][244] 7925779
c[0][245] 8090732
c[0][246] 8015673
c[0][247] 7901867
c[0][248] 7852623
c[0][249] 8001861
c[0][250] 7882266
c[0][251] 7858479
c[0][252] 8112501
c[0][253] 7867364
c[0][254] 7860760
c[0][255] 7877876
c[0][256] 8010767
c[0][257] 7865236
c[0][258] 7989231
c[0][259] 7721289
c[0][260] 7961184
c[0][261] 7920791
c[0][262] 7946961
c[0][263] 7943459
c[0][264] 7849525
c[0][265] 7951962
c[0][266] 8074446
c[0][267] 7979982
c[0][268] 7990806
c[0][269] 7832377
c[0][270] 7854824
c[0][271] 7873133
c[0][272] 7941610
c[0][273] 8066044
c[0][274] 7884737
c[0][275] 8041684
c[0][276] 8004751
c[0][277] 8037623
c[0][278] 8018905
c[0][279] 7978511
c[0][280] 7817510
c[0][281] 7938909
c[0][282] 7887543
c[0][283] 7992987
c[0][284] 8057876
c[0][285] 7939743
c[0][286] 8216008
c[0][287] 7969697
c[0][288] 8070290
c[0][289] 7980261
c[0][290] 7956030
c[0][291] 7859583
c[0][292] 7796392
c[0][293] 8145143
c[0][294] 8066851
c[0][295] 7912407
c[0][296] 7963978
c[0][297] 7952505
c[0][298] 7933219
c[0][299] 7985305
c[0][300] 7926303
c[0][301] 7988842
c[0][302] 7911220
c[0][303] 7935069
c[0][304] 7896941
c[0][305] 7903901
c[0][306] 7840134
c[0][307] 7797409
c[0][308] 7909182
c[0][309] 8001726
c[0][310] 7889318
c[0][311] 7725715
c[0][312] 7969830
c[0][313] 7853165
c[0][314] 7741788
c[0][315] 7967264
c[0][316] 8024877
c[0][317] 7933653
c[0][318] 7859211
c[0][319] 7829517
c[0][320] 7831601
c[0][321] 7962439
c[0][322] 7993838
c[0][323] 7918690
c[0][324] 7968595
c[0][325] 7956063
c[0][326] 8017896
c[0][327] 7891907
c[0][328] 7871446
c[0][329] 7884570
c[0][330] 7880884
c[0][331] 7805731
c[0][332] 7789065
c[0][333] 7734487
c[0][334] 7956518
c[0][335] 7979444
c[0][336] 7886264
c[0][337] 7991148
c[0][338] 7740609
c[0][339] 7865498
c[0][340] 8000961
c[0][341] 7832636
c[0][342] 7912807
c[0][343] 7965076
c[0][344] 7928730
c[0][345] 7955447
c[0][346] 8011232
c[0][347] 7920836
c[0][348] 7886965
c[0][349] 7988867
c[0][350] 7853076
c[0][351] 7886555
c[0][352] 7997011
c[0][353] 8080367
c[0][354] 7928888
c[0][355] 7933146
c[0][356] 7923916
c[0][357] 7879784
c[0][358] 8125808
c[0][359] 7949924
c[0][360] 7944740
c[0][361] 7836227
c[0][362] 7864597
c[0][363] 8134859
c[0][364] 7837625
c[0][365] 7894359
c[0][366] 7763137
c[0][367] 8119969
c[0][368] 7951924
c[0][369] 8043370
c[0][370] 8062612
c[0][371] 7791147
c[0][372] 7832518
c[0][373] 7747241
c[0][374] 8026679
c[0][375] 7990847
c[0][376] 7990645
c[0][377] 7826141
c[0][378] 8044932
c[0][379] 7933694
c[0][380] 8113831
c[0][381] 7766883
c[0][382] 8107171
c[0][383] 7857542
c[0][384] 7954555
c[0][385] 7829397
c[0][386] 7877073
c[0][387] 7849603
c[0][388] 7976022
c[0][389] 7801475
c[0][390] 7953306
c[0][391] 8039847
c[0][392] 8114211
c[0][393] 7903131
c[0][394] 8034829
c[0][395] 8017635
c[0][396] 7799048
c[0][397] 7884845
c[0][398] 7886305
c[0][399] 8088403
c[0][400] 8004372
c[0][401] 7912030
c[0][402] 7951828
c[0][403] 7949724
c[0][404] 8035377
c[0][405] 7933936
c[0][406] 7861775
c[0][407] 7867794
c[0][408] 7769477
c[0][409] 7904832
c[0][410] 7965063
c[0][411] 7857532
c[0][412] 8017737
c[0][413] 8009493
c[0][414] 8040721
c[0][415] 8110827
c[0][416] 7990082
c[0][417] 8054289
c[0][418] 7987559
c[0][419] 7895331
c[0][420] 8009427
c[0][421] 7847763
c[0][422] 7919798
c[0][423] 7985011
c[0][424] 7994927
c[0][425] 7777278
c[0][426] 7854027
c[0][427] 7927639
c[0][428] 8108337
c[0][429] 8053947
c[0][430] 7980032
c[0][431] 7824796
c[0][432] 7870938
c[0][433] 8015873
c[0][434] 7889541
c[0][435] 7913789
c[0][436] 8084209
c[0][437] 7795072
c[0][438] 7798749
c[0][439] 7991699
c[0][440] 8170978
c[0][441] 7875816
c[0][442] 7788561
c[0][443] 8110298
c[0][444] 8024761
c[0][445] 7975232
c[0][446] 7908815
c[0][447] 8044591
c[0][448] 7904134
c[0][449] 7907966
c[0][450] 7956861
c[0][451] 7919777
c[0][452] 7968463
c[0][453] 7862124
c[0][454] 7936873
c[0][455] 7872900
c[0][456] 7742407
c[0][457] 8057154
c[0][458] 7927206
c[0][459] 7968941
c[0][460] 7895439
c[0][461] 7910551
c[0][462] 7823366
c[0][463] 7834705
c[0][464] 7968252
c[0][465] 7992865
c[0][466] 8006984
c[0][467] 7768115
c[0][468] 8103138
c[0][469] 8094788
c[0][470] 7966977
c[0][471] 7853195
c[0][472] 7913308
c[0][473] 7809671
c[0][474] 7921436
c[0][475] 7928002
c[0][476] 7893954
c[0][477] 7951731
c[0][478] 7893297
c[0][479] 8021907
c[0][480] 7879350
c[0][481] 7931752
c[0][482] 7901238
c[0][483] 7956508
c[0][484] 7982291
c[0][485] 7961302
c[0][486] 8180428
c[0][487] 7940059
c[0][488] 7944533
c[0][489] 7962855
c[0][490] 8029776
c[0][491] 7826575
c[0][492] 7786703
c[0][493] 7988155
c[0][494] 8097528
c[0][495] 7884548
c[0][496] 7721419
c[0][497] 8111632
c[0][498] 7802496
c[0][499] 7991166
c[0][500] 7858473
c[0][501] 7943974
c[0][502] 8057525
c[0][503] 7939483
c[0][504] 8059522
c[0][505] 7806584
c[0][506] 7894805
c[0][507] 7827321
c[0][508] 8170903
c[0][509] 7958943
c[0][510] 8024575
c[0][511] 7943446
c[0][512] 7824766
c[0][513] 7821231
c[0][514] 7886127
c[0][515] 7881999
c[0][516] 8000958
c[0][517] 7912890
c[0][518] 7952325
c[0][519] 7878805
c[0][520] 8043792
c[0][521] 7906469
c[0][522] 7895990
c[0][523] 7929514
c[0][524] 7965168
c[0][525] 7911014
c[0][526] 7863711
c[0][527] 7873003
c[0][528] 7901101
c[0][529] 7946593
c[0][530] 7899062
c[0][531] 7975293
c[0][532] 8054485
c[0][533] 8073724
c[0][534] 7636234
c[0][535] 7892181
c[0][536] 7806689
c[0][537] 7872992
c[0][538] 7900801
c[0][539] 8046352
c[0][540] 7933931
c[0][541] 8180452
c[0][542] 8018775
c[0][543] 7902065
c[0][544] 7834303
c[0][545] 7925652
c[0][546] 7772979
c[0][547] 7919965
c[0][548] 7947313
c[0][549] 7936853
c[0][550] 7901924
c[0][551] 7854674
c[0][552] 7856313
c[0][553] 7988903
c[0][554] 8097490
c[0][555] 8032389
c[0][556] 8074746
c[0][557] 7899944
c[0][558] 7975103
c[0][559] 7923012
c[0][560] 7869145
c[0][561] 7998521
c[0][562] 8001461
c[0][563] 7924988
c[0][564] 7798399
c[0][565] 7977846
c[0][566] 8018460
c[0][567] 7789534
c[0][568] 7842485
c[0][569] 8086746
c[0][570] 8040232
c[0][571] 7972212
c[0][572] 7985619
c[0][573] 7745972
c[0][574] 7925710
c[0][575] 7928236
c[0][576] 8080527
c[0][577] 7975883
c[0][578] 7826483
c[0][579] 7852469
c[0][580] 7955495
c[0][581] 7831162
c[0][582] 7971892
c[0][583] 7920723
c[0][584] 7975167
c[0][585] 7780879
c[0][586] 7901792
c[0][587] 7963088
c[0][588] 8010595
c[0][589] 7903564
c[0][590] 7933940
c[0][591] 8013403
c[0][592] 7928457
c[0][593] 7867228
c[0][594] 8040023
c[0][595] 7899675
c[0][596] 8009064
c[0][597] 7808658
c[0][598] 7763458
c[0][599] 7855382
c[0][600] 8057079
c[0][601] 7892449
c[0][602] 7832601
c[0][603] 7825950
c[0][604] 7963548
c[0][605] 7870942
c[0][606] 8100832
c[0][607] 7875742
c[0][608] 7791414
c[0][609] 7987091
c[0][610] 7907326
c[0][611] 7977674
c[0][612] 7787625
c[0][613] 7893956
c[0][614] 8008365
c[0][615] 7977782
c[0][616] 7927437
c[0][617] 7834617
c[0][618] 7900204
c[0][619] 8020285
c[0][620] 7883298
c[0][621] 7952826
c[0][622] 8037368
c[0][623] 8008613
c[0][624] 8108156
c[0][625] 7992570
c[0][626] 7882050
c[0][627] 7948166
c[0][628] 7928866
c[0][629] 8103007
c[0][630] 7967699
c[0][631] 7918614
c[0][632] 7879979
c[0][633] 7865481
c[0][634] 7803863
c[0][635] 7862085
c[0][636] 7797734
c[0][637] 8111495
c[0][638] 7825136
c[0][639] 8067717
c[0][640] 7917421
c[0][641] 7943161
c[0][642] 7871050
c[0][643] 7980344
c[0][644] 7874963
c[0][645] 7981438
c[0][646] 7792874
c[0][647] 8056001
c[0][648] 7956723
c[0][649] 8046079
c[0][650] 8098804
c[0][651] 8061135
c[0][652] 8127689
c[0][653] 7913957
c[0][654] 8038079
c[0][655] 7905944
c[0][656] 7911075
c[0][657] 8060688
c[0][658] 7892732
c[0][659] 8198306
c[0][660] 7751523
c[0][661] 7985910
c[0][662] 7928809
c[0][663] 7899206
c[0][664] 7938216
c[0][665] 7985638
c[0][666] 7861730
c[0][667] 8024269
c[0][668] 8023960
c[0][669] 7746233
c[0][670] 7987450
c[0][671] 7894218
c[0][672] 8007577
c[0][673] 8059775
c[0][674] 7978941
c[0][675] 7829377
c[0][676] 7734213
c[0][677] 7833563
c[0][678] 7801305
c[0][679] 7861701
c[0][680] 8075889
c[0][681] 7823700
c[0][682] 8017873
c[0][683] 7873831
c[0][684] 7962219
c[0][685] 8007802
c[0][686] 7950207
c[0][687] 8040396
c[0][688] 7808345
c[0][689] 8023072
c[0][690] 7919229
c[0][691] 7903339
c[0][692] 7833301
c[0][693] 7991726
c[0][694] 7979395
c[0][695] 7771227
c[0][696] 7824161
c[0][697] 7957915
c[0][698] 8058352
c[0][699] 8040859
c[0][700] 8029403
c[0][701] 7908347
c[0][702] 7931466
c[0][703] 7749566
c[0][704] 7855883
c[0][705] 7907520
c[0][706] 7940214
c[0][707] 8021311
c[0][708] 7905112
c[0][709] 8185539
c[0][710] 8054514
c[0][711] 7988161
c[0][712] 7800336
c[0][713] 7836531
c[0][714] 7981429
c[0][715] 7878116
c[0][716] 7845729
c[0][717] 7843962
c[0][718] 7988376
c[0][719] 7839314
c[0][720] 7865145
c[0][721] 7896212
c[0][722] 7955935
c[0][723] 7942607
c[0][724] 7965877
c[0][725] 7907052
c[0][726] 7943660
c[0][727] 8022516
c[0][728] 7900883
c[0][729] 7807689
c[0][730] 7851177
c[0][731] 7970388
c[0][732] 7914237
c[0][733] 8045034
c[0][734] 8056229
c[0][735] 8136798
c[0][736] 8006329
c[0][737] 7853339
c[0][738] 7852779
c[0][739] 7791004
c[0][740] 7787959
c[0][741] 7777031
c[0][742] 7999255
c[0][743] 7794826
c[0][744] 7867626
c[0][745] 7861413
c[0][746] 7796159
c[0][747] 7805300
c[0][748] 7953606
c[0][749] 7969887
c[0][750] 8075248
c[0][751] 7901930
c[0][752] 8127286
c[0][753] 7829223
c[0][754] 7800504
c[0][755] 7929287
c[0][756] 7850982
c[0][757] 7981970
c[0][758] 7910497
c[0][759] 8134784
c[0][760] 7971970
c[0][761] 7901161
c[0][762] 8037473
c[0][763] 7916479
c[0][764] 7868976
c[0][765] 7984241
c[0][766] 8054552
c[0][767] 8126965
c[0][768] 7792965
c[0][769] 7920142
c[0][770] 8053680
c[0][771] 7950059
c[0][772] 7883176
c[0][773] 7858998
c[0][774] 7780748
c[0][775] 7940609
c[0][776] 7956066
c[0][777] 7906513
c[0][778] 7887113
c[0][779] 7894092
c[0][780] 8048888
c[0][781] 8056360
c[0][782] 7978298
c[0][783] 8076667
c[0][784] 7827729
c[0][785] 7929944
c[0][786] 7941096
c[0][787] 7875620
c[0][788] 8011941
c[0][789] 7986937
c[0][790] 7906192
c[0][791] 7899807
c[0][792] 7847549
c[0][793] 8010670
c[0][794] 7971094
c[0][795] 7878386
c[0][796] 7796204
c[0][797] 7814209
c[0][798] 8065767
c[0][799] 7899134
c[0][800] 7988753
c[0][801] 7902737
c[0][802] 8019288
c[0][803] 7954038
c[0][804] 8079351
c[0][805] 7855106
c[0][806] 8036129
c[0][807] 7839548
c[0][808] 7966145
c[0][809] 7924365
c[0][810] 7797009
c[0][811] 7992023
c[0][812] 8062590
c[0][813] 8001809
c[0][814] 7977982
c[0][815] 7882827
c[0][816] 7892446
c[0][817] 7872773
c[0][818] 7926045
c[0][819] 7961878
c[0][820] 7833817
c[0][821] 8092996
c[0][822] 8178901
c[0][823] 8012996
c[0][824] 7977275
c[0][825] 8075096
c[0][826] 8112673
c[0][827] 7806292
c[0][828] 7762971
c[0][829] 8035759
c[0][830] 7958819
c[0][831] 7958607
c[0][832] 7998821
c[0][833] 7968673
c[0][834] 7970628
c[0][835] 7848817
c[0][836] 7763732
c[0][837] 8022462
c[0][838] 8078013
c[0][839] 8073696
c[0][840] 7961604
c[0][841] 7801509
c[0][842] 7979032
c[0][843] 7973352
c[0][844] 8027013
c[0][845] 7771513
c[0][846] 7836960
c[0][847] 7930932
c[0][848] 7894940
c[0][849] 7930393
c[0][850] 7924447
c[0][851] 7885736
c[0][852] 7858835
c[0][853] 8043089
c[0][854] 7910363
c[0][855] 7976597
c[0][856] 7850572
c[0][857] 7887963
c[0][858] 7883202
c[0][859] 7948274
c[0][860] 7863763
c[0][861] 7912130
c[0][862] 7912966
c[0][863] 7914257
c[0][864] 7993820
c[0][865] 8009161
c[0][866] 7844228
c[0][867] 7989931
c[0][868] 7771468
c[0][869] 7914224
c[0][870] 7871926
c[0][871] 8039661
c[0][872] 7858756
c[0][873] 7922940
c[0][874] 7872798
c[0][875] 7919738
c[0][876] 7937900
c[0][877] 7981635
c[0][878] 8098494
c[0][879] 8018073
c[0][880] 7940316
c[0][881] 7971732
c[0][882] 8082919
c[0][883] 8016427
c[0][884] 7861211
c[0][885] 8058549
c[0][886] 7862959
c[0][887] 7906860
c[0][888] 8191135
c[0][889] 8048207
c[0][890] 7985718
c[0][891] 8033339
c[0][892] 7786241
c[0][893] 7849598
c[0][894] 7867913
c[0][895] 7997358
c[0][896] 7958198
c[0][897] 8046337
c[0][898] 7877956
c[0][899] 7869031
c[0][900] 7873315
c[0][901] 7933243
c[0][902] 7996044
c[0][903] 7933251
c[0][904] 7972588
c[0][905] 8079154
c[0][906] 7919825
c[0][907] 7950786
c[0][908] 8128312
c[0][909] 8063852
c[0][910] 7818063
c[0][911] 7903586
c[0][912] 7644852
c[0][913] 7965193
c[0][914] 7908171
c[0][915] 7943812
c[0][916] 7894186
c[0][917] 7858958
c[0][918] 7839488
c[0][919] 8058225
c[0][920] 8108792
c[0][921] 8157151
c[0][922] 7959763
c[0][923] 7873171
c[0][924] 7871440
c[0][925] 7950251
c[0][926] 8004512
c[0][927] 8027673
c[0][928] 7866392
c[0][929] 7940041
c[0][930] 7968854
c[0][931] 7772310
c[0][932] 7981515
c[0][933] 7844622
c[0][934] 7955334
c[0][935] 7813106
c[0][936] 7958265
c[0][937] 7940046
c[0][938] 8013194
c[0][939] 7882227
c[0][940] 8010506
c[0][941] 7825221
c[0][942] 7921142
c[0][943] 7900613
c[0][944] 7900616
c[0][945] 7860634
c[0][946] 8074796
c[0][947] 7847203
c[0][948] 8023571
c[0][949] 7863714
c[0][950] 8177275
c[0][951] 7892285
c[0][952] 7850965
c[0][953] 7981112
c[0][954] 8003473
c[0][955] 8064629
c[0][956] 7897789
c[0][957] 8007946
c[0][958] 8107943
c[0][959] 7887948
c[0][960] 7909839
c[0][961] 7947842
c[0][962] 7718512
c[0][963] 7862568
c[0][964] 8060412
c[0][965] 8026914
c[0][966] 7891480
c[0][967] 7875062
c[0][968] 8148295
c[0][969] 7922485
c[0][970] 7869330
c[0][971] 7943340
c[0][972] 7915981
c[0][973] 8152230
c[0][974] 7914529
c[0][975] 7973231
c[0][976] 7841283
c[0][977] 7838378
c[0][978] 8002856
c[0][979] 8075503
c[0][980] 8012540
c[0][981] 7876570
c[0][982] 7792808
c[0][983] 7892499
c[0][984] 8116124
c[0][985] 7935099
c[0][986] 7823310
c[0][987] 7835594
c[0][988] 7932948
c[0][989] 8120551
c[0][990] 7945543
c[0][991] 7960867
c[0][992] 7908152
c[0][993] 7781801
c[0][994] 7947920
c[0][995] 7833647
c[0][996] 7898696
c[0][997] 7884560
c[0][998] 7751889
c[0][999] 7717720
c[0][1000] 7817328
c[0][1001] 7995896
c[0][1002] 8015999
c[0][1003] 7830518
c[0][1004] 7952252
c[0][1005] 7943962
c[0][1006] 7872611
c[0][1007] 7927869
c[0][1008] 7780814
c[0][1009] 7904280
c[0][1010] 7827679
c[0][1011] 7920835
c[0][1012] 7861563
c[0][1013] 7959529
c[0][1014] 7792906
c[0][1015] 8048071
c[0][1016] 7850075
c[0][1017] 7942602
c[0][1018] 7951333
c[0][1019] 7838699
c[0][1020] 8050378
c[0][1021] 7945307
c[0][1022] 8031949
c[0][1023] 7901826
c[0][1024] 7752974
c[0][1025] 8022239
c[0][1026] 7981776
c[0][1027] 8000802
c[0][1028] 7922428
c[0][1029] 8022908
c[0][1030] 8011100
c[0][1031] 8083053
c[0][1032] 7903269
c[0][1033] 7817756
c[0][1034] 7878976
c[0][1035] 7874135
c[0][1036] 7923691
c[0][1037] 8066495
c[0][1038] 8037774
c[0][1039] 8092623
c[0][1040] 7931322
c[0][1041] 7830450
c[0][1042] 8051188
c[0][1043] 7887030
c[0][1044] 7959729
c[0][1045] 8058969
c[0][1046] 7966973
c[0][1047] 8017117
c[0][1048] 7851848
c[0][1049] 7837524
c[0][1050] 7991509
c[0][1051] 7884875
c[0][1052] 8108260
c[0][1053] 7949370
c[0][1054] 7900223
c[0][1055] 7902594
c[0][1056] 7792140
c[0][1057] 8101124
c[0][1058] 7999700
c[0][1059] 7924183
c[0][1060] 7968378
c[0][1061] 7854271
c[0][1062] 8055933
c[0][1063] 8062588
c[0][1064] 8080089
c[0][1065] 7900912
c[0][1066] 7828941
c[0][1067] 8057214
c[0][1068] 7905022
c[0][1069] 7971437
c[0][1070] 8058599
c[0][1071] 7823885
c[0][1072] 7759475
c[0][1073] 8193556
c[0][1074] 7924571
c[0][1075] 7777169
c[0][1076] 7974608
c[0][1077] 8028091
c[0][1078] 7987354
c[0][1079] 7945577
c[0][1080] 7930058
c[0][1081] 7917303
c[0][1082] 7916332
c[0][1083] 7926661
c[0][1084] 8017976
c[0][1085] 7831762
c[0][1086] 7892070
c[0][1087] 8035139
c[0][1088] 7867311
c[0][1089] 7941867
c[0][1090] 7725000
c[0][1091] 8046892
c[0][1092] 7810674
c[0][1093] 8005248
c[0][1094] 7827535
c[0][1095] 8071896
c[0][1096] 7993453
c[0][1097] 7848903
c[0][1098] 7952312
c[0][1099] 7857724
c[0][1100] 7842824
c[0][1101] 7944737
c[0][1102] 7963103
c[0][1103] 7995374
c[0][1104] 7871720
c[0][1105] 7892101
c[0][1106] 7852418
c[0][1107] 7793181
c[0][1108] 7927034
c[0][1109] 7994308
c[0][1110] 7960180
c[0][1111] 7981617
c[0][1112] 7835385
c[0][1113] 8107135
c[0][1114] 7826520
c[0][1115] 7770017
c[0][1116] 8068000
c[0][1117] 7892659
c[0][1118] 8012470
c[0][1119] 7994062
c[0][1120] 7931780
c[0][1121] 8086716
c[0][1122] 7950880
c[0][1123] 7831566
c[0][1124] 8046382
c[0][1125] 8016886
c[0][1126] 7922932
c[0][1127] 7992020
c[0][1128] 8044124
c[0][1129] 7858245
c[0][1130] 7929220
c[0][1131] 7910935
c[0][1132] 7753801
c[0][1133] 7724585
c[0][1134] 7966912
c[0][1135] 7803612
c[0][1136] 7940154
c[0][1137] 7877611
c[0][1138] 7841272
c[0][1139] 7855096
c[0][1140] 7917459
c[0][1141] 7805660
c[0][1142] 8026000
c[0][1143] 8168672
c[0][1144] 7937628
c[0][1145] 8091238
c[0][1146] 7931805
c[0][1147] 7885642
c[0][1148] 7926910
c[0][1149] 7940190
c[0][1150] 8149780
c[0][1151] 8004398
c[0][1152] 7811389
c[0][1153] 8173039
c[0][1154] 7841721
c[0][1155] 7966748
c[0][1156] 8035832
c[0][1157] 8004388
c[0][1158] 7854218
c[0][1159] 8184804
c[0][1160] 8063884
c[0][1161] 7845756
c[0][1162] 7901253
c[0][1163] 8057746
c[0][1164] 7722717
c[0][1165] 7973162
c[0][1166] 8014558
c[0][1167] 7891509
c[0][1168] 8009235
c[0][1169] 7981405
c[0][1170] 7898425
c[0][1171] 7790699
c[0][1172] 8082028
c[0][1173] 8006509
c[0][1174] 7844174
c[0][1175] 7939114
c[0][1176] 7864278
c[0][1177] 7765067
c[0][1178] 7874669
c[0][1179] 8054213
c[0][1180] 7924839
c[0][1181] 8053555
c[0][1182] 7983736
c[0][1183] 7907303
c[0][1184] 7878645
c[0][1185] 7870239
c[0][1186] 7993958
c[0][1187] 8015371
c[0][1188] 7841244
c[0][1189] 7963044
c[0][1190] 7948563
c[0][1191] 8073069
c[0][1192] 7977281
c[0][1193] 7731761
c[0][1194] 7831384
c[0][1195] 7869270
c[0][1196] 8005434
c[0][1197] 8064522
c[0][1198] 7895951
c[0][1199] 7829920
c[0][1200] 7740089
c[0][1201] 7904970
c[0][1202] 8068170
c[0][1203] 7892755
c[0][1204] 7731246
c[0][1205] 8011463
c[0][1206] 7903812
c[0][1207] 7983426
c[0][1208] 7933212
c[0][1209] 7773574
c[0][1210] 7973397
c[0][1211] 8076843
c[0][1212] 8019620
c[0][1213] 7902275
c[0][1214] 8053586
c[0][1215] 8020720
c[0][1216] 7881958
c[0][1217] 7833807
c[0][1218] 7911408
c[0][1219] 7804963
c[0][1220] 8004710
c[0][1221] 7929252
c[0][1222] 8004088
c[0][1223] 8049118
c[0][1224] 7877474
c[0][1225] 7885397
c[0][1226] 7841778
c[0][1227] 7992033
c[0][1228] 7955457
c[0][1229] 7817334
c[0][1230] 7909988
c[0][1231] 7960854
c[0][1232] 8094164
c[0][1233] 7804550
c[0][1234] 7858219
c[0][1235] 7874488
c[0][1236] 8001070
c[0][1237] 7786077
c[0][1238] 7687590
c[0][1239] 7878260
c[0][1240] 7991340
c[0][1241] 8060569
c[0][1242] 7806519
c[0][1243] 7893246
c[0][1244] 7872166
c[0][1245] 7946862
c[0][1246] 7910637
c[0][1247] 7934346
c[0][1248] 7927282
c[0][1249] 7973808
c[0][1250] 7847525
c[0][1251] 7859272
c[0][1252] 8020639
c[0][1253] 7891243
c[0][1254] 7981560
c[0][1255] 7809987
c[0][1256] 8137761
c[0][1257] 7877260
c[0][1258] 7954871
c[0][1259] 8011709
c[0][1260] 7883740
c[0][1261] 7720824
c[0][1262] 7962188
c[0][1263] 8066552
c[0][1264] 7925904
c[0][1265] 7910925
c[0][1266] 7993870
c[0][1267] 7975151
c[0][1268] 7950682
c[0][1269] 7681325
c[0][1270] 8079041
c[0][1271] 7922013
c[0][1272] 7880832
c[0][1273] 7869582
c[0][1274] 7938059
c[0][1275] 7821259
c[0][1276] 7784110
c[0][1277] 7881961
c[0][1278] 7882422
c[0][1279] 7892581
c[0][1280] 8031830
c[0][1281] 7975378
c[0][1282] 7886348
c[0][1283] 7911218
c[0][1284] 7812576
c[0][1285] 7825619
c[0][1286] 7782425
c[0][1287] 7898498
c[0][1288] 7870805
c[0][1289] 8044032
c[0][1290] 7870370
c[0][1291] 7694923
c[0][1292] 8012597
c[0][1293] 7923626
c[0][1294] 7906632
c[0][1295] 7923119
c[0][1296] 7838508
c[0][1297] 7905011
c[0][1298] 7970158
c[0][1299] 8129610
c[0][1300] 8028170
c[0][1301] 7991882
c[0][1302] 7788320
c[0][1303] 8131781
c[0][1304] 8050198
c[0][1305] 7816461
c[0][1306] 7880665
c[0][1307] 7941414
c[0][1308] 7906915
c[0][1309] 7965910
c[0][1310] 7964579
c[0][1311] 7913693
c[0][1312] 8020280
c[0][1313] 8121452
c[0][1314] 7821044
c[0][1315] 7997140
c[0][1316] 7915904
c[0][1317] 8013461
c[0][1318] 7987061
c[0][1319] 7938596
c[0][1320] 8044301
c[0][1321] 8014302
c[0][1322] 7894210
c[0][1323] 8068939
c[0][1324] 7863656
c[0][1325] 7817724
c[0][1326] 7970722
c[0][1327] 7891026
c[0][1328] 8011736
c[0][1329] 7719406
c[0][1330] 8002208
c[0][1331] 7844247
c[0][1332] 7966528
c[0][1333] 7942279
c[0][1334] 8157763
c[0][1335] 7996951
c[0][1336] 8016510
c[0][1337] 7960548
c[0][1338] 7904896
c[0][1339] 8041578
c[0][1340] 7941719
c[0][1341] 7867098
c[0][1342] 8006227
c[0][1343] 7821763
c[0][1344] 8000823
c[0][1345] 8034391
c[0][1346] 7887838
c[0][1347] 7943104
c[0][1348] 7823495
c[0][1349] 8007174
c[0][1350] 7780486
c[0][1351] 8088011
c[0][1352] 8061713
c[0][1353] 7892905
c[0][1354] 7845627
c[0][1355] 7840903
c[0][1356] 7871473
c[0][1357] 7982275
c[0][1358] 7950938
c[0][1359] 8014327
c[0][1360] 8102860
c[0][1361] 7869044
c[0][1362] 7770201
c[0][1363] 7961450
c[0][1364] 7775011
c[0][1365] 7905761
c[0][1366] 7816982
c[0][1367] 7828154
c[0][1368] 7970988
c[0][1369] 7992670
c[0][1370] 8303188
c[0][1371] 7863834
c[0][1372] 7991401
c[0][1373] 7961542
c[0][1374] 8013859
c[0][1375] 7989686
c[0][1376] 8059060
c[0][1377] 7926919
c[0][1378] 7889930
c[0][1379] 7887840
c[0][1380] 8181780
c[0][1381] 8037661
c[0][1382] 8024061
c[0][1383] 7942454
c[0][1384] 7871985
c[0][1385] 8088315
c[0][1386] 8149113
c[0][1387] 7910140
c[0][1388] 7862135
c[0][1389] 8212750
c[0][1390] 7884947
c[0][1391] 8095513
c[0][1392] 7939834
c[0][1393] 7922846
c[0][1394] 8043813
c[0][1395] 7810904
c[0][1396] 8088491
c[0][1397] 7972438
c[0][1398] 7978360
c[0][1399] 7835313
c[0][1400] 7933794
c[0][1401] 7912804
c[0][1402] 7875403
c[0][1403] 8028033
c[0][1404] 7860489
c[0][1405] 8147264
c[0][1406] 7797103
c[0][1407] 7905707
c[0][1408] 7849141
c[0][1409] 7887870
c[0][1410] 8000960
c[0][1411] 7885921
c[0][1412] 7845954
c[0][1413] 7918628
c[0][1414] 7955942
c[0][1415] 7963401
c[0][1416] 7929799
c[0][1417] 7965663
c[0][1418] 7991753
c[0][1419] 7897033
c[0][1420] 7865694
c[0][1421] 7883236
c[0][1422] 7676529
c[0][1423] 7910195
c[0][1424] 7718572
c[0][1425] 8058585
c[0][1426] 7936308
c[0][1427] 8053409
c[0][1428] 7872639
c[0][1429] 7955249
c[0][1430] 7816273
c[0][1431] 7823783
c[0][1432] 7857437
c[0][1433] 7950454
c[0][1434] 7964097
c[0][1435] 7830711
c[0][1436] 8106751
c[0][1437] 7786374
c[0][1438] 7911908
c[0][1439] 7912443
c[0][1440] 7913395
c[0][1441] 7910787
c[0][1442] 7910675
c[0][1443] 7920064
c[0][1444] 7889627
c[0][1445] 8011477
c[0][1446] 7938094
c[0][1447] 7884871
c[0][1448] 7920415
c[0][1449] 7829199
c[0][1450] 7876374
c[0][1451] 8093337
c[0][1452] 7942841
c[0][1453] 7931623
c[0][1454] 8081348
c[0][1455] 7886811
c[0][1456] 7998482
c[0][1457] 7827822
c[0][1458] 8061046
c[0][1459] 7955916
c[0][1460] 8008881
c[0][1461] 7898072
c[0][1462] 7974651
c[0][1463] 7853963
c[0][1464] 7920367
c[0][1465] 7960256
c[0][1466] 7800804
c[0][1467] 7952133
c[0][1468] 7856991
c[0][1469] 7913403
c[0][1470] 7852281
c[0][1471] 7914319
c[0][1472] 8040535
c[0][1473] 7948586
c[0][1474] 7780516
c[0][1475] 7841192
c[0][1476] 8139856
c[0][1477] 7936918
c[0][1478] 7780729
c[0][1479] 7908208
c[0][1480] 7906704
c[0][1481] 7924921
c[0][1482] 8008065
c[0][1483] 7946678
c[0][1484] 7872812
c[0][1485] 8040971
c[0][1486] 8081869
c[0][1487] 7737980
c[0][1488] 7862318
c[0][1489] 7978702
c[0][1490] 8016920
c[0][1491] 7930043
c[0][1492] 7864521
c[0][1493] 8015808
c[0][1494] 8132126
c[0][1495] 7976156
c[0][1496] 7980274
c[0][1497] 7949567
c[0][1498] 7999733
c[0][1499] 7899756
c[0][1500] 7757356
c[0][1501] 7850180
c[0][1502] 7838924
c[0][1503] 8027420
c[0][1504] 7907608
c[0][1505] 7921057
c[0][1506] 7807304
c[0][1507] 7912620
c[0][1508] 7871380
c[0][1509] 7903149
c[0][1510] 8082933
c[0][1511] 8070588
c[0][1512] 7884795
c[0][1513] 8046216
c[0][1514] 7983944
c[0][1515] 7963714
c[0][1516] 8017845
c[0][1517] 7942973
c[0][1518] 8054801
c[0][1519] 7841217
c[0][1520] 8003984
c[0][1521] 8047462
c[0][1522] 8041809
c[0][1523] 8021015
c[0][1524] 7889967
c[0][1525] 7841447
c[0][1526] 8023618
c[0][1527] 7989941
c[0][1528] 8146227
c[0][1529] 7916403
c[0][1530] 7886553
c[0][1531] 8090135
c[0][1532] 7842294
c[0][1533] 7942705
c[0][1534] 7902028
c[0][1535] 7817055
c[0][1536] 7947843
c[0][1537] 7884744
c[0][1538] 7731855
c[0][1539] 7988559
c[0][1540] 7816336
c[0][1541] 8106067
c[0][1542] 8023503
c[0][1543] 8096330
c[0][1544] 7937415
c[0][1545] 7993911
c[0][1546] 7967787
c[0][1547] 7875766
c[0][1548] 7905909
c[0][1549] 7892007
c[0][1550] 8028346
c[0][1551] 7809261
c[0][1552] 7927698
c[0][1553] 8005809
c[0][1554] 8008689
c[0][1555] 7791334
c[0][1556] 7884425
c[0][1557] 8033660
c[0][1558] 7870382
c[0][1559] 7905259
c[0][1560] 7995483
c[0][1561] 7956112
c[0][1562] 7911504
c[0][1563] 7865279
c[0][1564] 7996668
c[0][1565] 7976511
c[0][1566] 7930066
c[0][1567] 7862607
c[0][1568] 7892274
c[0][1569] 7863891
c[0][1570] 7862755
c[0][1571] 7756448
c[0][1572] 7709069
c[0][1573] 8033249
c[0][1574] 7786428
c[0][1575] 7888885
c[0][1576] 7839461
c[0][1577] 7887845
c[0][1578] 7729282
c[0][1579] 8006549
c[0][1580] 7958356
c[0][1581] 7911085
c[0][1582] 7839746
c[0][1583] 7964483
c[0][1584] 7881344
c[0][1585] 7830724
c[0][1586] 7819546
c[0][1587] 8008436
c[0][1588] 7943086
c[0][1589] 7833015
c[0][1590] 7947169
c[0][1591] 8009982
c[0][1592] 8074109
c[0][1593] 8046083
c[0][1594] 7861134
c[0][1595] 7852467
c[0][1596] 8094367
c[0][1597] 8118499
c[0][1598] 7887187
c[0][1599] 8089069
c[0][1600] 7920162
c[0][1601] 7935350
c[0][1602] 7991001
c[0][1603] 7868711
c[0][1604] 8027919
c[0][1605] 7941303
c[0][1606] 7841087
c[0][1607] 8140162
c[0][1608] 7857898
c[0][1609] 8010129
c[0][1610] 7896366
c[0][1611] 8061440
c[0][1612] 8032671
c[0][1613] 8012824
c[0][1614] 7838066
c[0][1615] 7991073
c[0][1616] 8011264
c[0][1617] 7733357
c[0][1618] 7892481
c[0][1619] 7948046
c[0][1620] 7802962
c[0][1621] 7671090
c[0][1622] 7830509
c[0][1623] 7917306
c[0][1624] 7821252
c[0][1625] 7812137
c[0][1626] 8002692
c[0][1627] 7828864
c[0][1628] 8001434
c[0][1629] 7894787
c[0][1630] 8015831
c[0][1631] 8012431
c[0][1632] 7800965
c[0][1633] 8015570
c[0][1634] 7869968
c[0][1635] 7990014
c[0][1636] 7946548
c[0][1637] 8007087
c[0][1638] 8072010
c[0][1639] 7861356
c[0][1640] 8023461
c[0][1641] 7965617
c[0][1642] 8021170
c[0][1643] 7937145
c[0][1644] 8011498
c[0][1645] 7990083
c[0][1646] 7864121
c[0][1647] 7908641
c[0][1648] 7880143
c[0][1649] 7997080
c[0][1650] 7953384
c[0][1651] 8106607
c[0][1652] 7982903
c[0][1653] 7913241
c[0][1654] 8097644
c[0][1655] 7880525
c[0][1656] 7974177
c[0][1657] 7834114
c[0][1658] 7928101
c[0][1659] 7954726
c[0][1660] 8007346
c[0][1661] 7840539
c[0][1662] 7735167
c[0][1663] 7901877
c[0][1664] 7809969
c[0][1665] 7947759
c[0][1666] 7949722
c[0][1667] 7863594
c[0][1668] 7754905
c[0][1669] 7968004
c[0][1670] 7918311
c[0][1671] 7975592
c[0][1672] 7957995
c[0][1673] 7998615
c[0][1674] 7941683
c[0][1675] 7954616
c[0][1676] 7891950
c[0][1677] 7838145
c[0][1678] 7903125
c[0][1679] 7995098
c[0][1680] 7974040
c[0][1681] 7889413
c[0][1682] 7838376
c[0][1683] 7968255
c[0][1684] 7926837
c[0][1685] 7990705
c[0][1686] 7784057
c[0][1687] 8004744
c[0][1688] 7853526
c[0][1689] 7958601
c[0][1690] 7878020
c[0][1691] 8031301
c[0][1692] 8038297
c[0][1693] 7995886
c[0][1694] 7732226
c[0][1695] 7959804
c[0][1696] 8063433
c[0][1697] 7859504
c[0][1698] 7808771
c[0][1699] 8005100
c[0][1700] 7901637
c[0][1701] 7994871
c[0][1702] 7897638
c[0][1703] 7919475
c[0][1704] 8124104
c[0][1705] 7824282
c[0][1706] 7870138
c[0][1707] 7817366
c[0][1708] 7724282
c[0][1709] 8047685
c[0][1710] 8088030
c[0][1711] 7957819
c[0][1712] 7767282
c[0][1713] 7903904
c[0][1714] 7832935
c[0][1715] 7778343
c[0][1716] 7874233
c[0][1717] 7883989
c[0][1718] 7874917
c[0][1719] 7864888
c[0][1720] 7995512
c[0][1721] 7824971
c[0][1722] 8018778
c[0][1723] 7951967
c[0][1724] 7864472
c[0][1725] 8013720
c[0][1726] 8036285
c[0][1727] 7838058
c[0][1728] 7945576
c[0][1729] 7756961
c[0][1730] 7917838
c[0][1731] 8093975
c[0][1732] 7992503
c[0][1733] 7783064
c[0][1734] 7957938
c[0][1735] 7813743
c[0][1736] 7948471
c[0][1737] 7984159
c[0][1738] 7959353
c[0][1739] 7794701
c[0][1740] 7804731
c[0][1741] 7683672
c[0][1742] 7883515
c[0][1743] 8016075
c[0][1744] 7770849
c[0][1745] 8049480
c[0][1746] 7924829
c[0][1747] 7891467
c[0][1748] 8011072
c[0][1749] 7854039
c[0][1750] 8002247
c[0][1751] 7958071
c[0][1752] 7851422
c[0][1753] 8092818
c[0][1754] 7878191
c[0][1755] 7785206
c[0][1756] 7926028
c[0][1757] 8009224
c[0][1758] 7870921
c[0][1759] 7968448
c[0][1760] 7895053
c[0][1761] 8167807
c[0][1762] 7939050
c[0][1763] 8040779
c[0][1764] 7894588
c[0][1765] 7999875
c[0][1766] 8030785
c[0][1767] 8013125
c[0][1768] 7873720
c[0][1769] 7918438
c[0][1770] 8067250
c[0][1771] 7921761
c[0][1772] 7957766
c[0][1773] 7949453
c[0][1774] 7884007
c[0][1775] 8056427
c[0][1776] 7907594
c[0][1777] 8032344
c[0][1778] 7862528
c[0][1779] 7803823
c[0][1780] 7602488
c[0][1781] 8061335
c[0][1782] 7915124
c[0][1783] 7914051
c[0][1784] 7984989
c[0][1785] 7958209
c[0][1786] 7932378
c[0][1787] 7956173
c[0][1788] 8064501
c[0][1789] 8015883
c[0][1790] 7982977
c[0][1791] 7974537
c[0][1792] 7891210
c[0][1793] 7821874
c[0][1794] 7895276
c[0][1795] 7929636
c[0][1796] 7795491
c[0][1797] 7805273
c[0][1798] 7730230
c[0][1799] 7944534
c[0][1800] 7931096
c[0][1801] 7938801
c[0][1802] 7932591
c[0][1803] 8070014
c[0][1804] 7841122
c[0][1805] 7913743
c[0][1806] 7997552
c[0][1807] 7976983
c[0][1808] 8062104
c[0][1809] 7962585
c[0][1810] 7804809
c[0][1811] 8120116
c[0][1812] 7828269
c[0][1813] 8002742
c[0][1814] 7923389
c[0][1815] 7901800
c[0][1816] 7939594
c[0][1817] 7996692
c[0][1818] 8089283
c[0][1819] 7978507
c[0][1820] 8039521
c[0][1821] 8079723
c[0][1822] 8075856
c[0][1823] 7741240
c[0][1824] 7982301
c[0][1825] 7909750
c[0][1826] 7882221
c[0][1827] 8086641
c[0][1828] 7883754
c[0][1829] 7940006
c[0][1830] 8037921
c[0][1831] 8000917
c[0][1832] 7843790
c[0][1833] 7886118
c[0][1834] 7772428
c[0][1835] 8075444
c[0][1836] 7864617
c[0][1837] 7853405
c[0][1838] 7931484
c[0][1839] 7864278
c[0][1840] 7900203
c[0][1841] 7750296
c[0][1842] 7901852
c[0][1843] 7968017
c[0][1844] 7901784
c[0][1845] 8090402
c[0][1846] 7974546
c[0][1847] 7979399
c[0][1848] 8017061
c[0][1849] 7919338
c[0][1850] 8075333
c[0][1851] 7872014
c[0][1852] 7949812
c[0][1853] 8006793
c[0][1854] 7886941
c[0][1855] 7880582
c[0][1856] 7865287
c[0][1857] 7866162
c[0][1858] 7905865
c[0][1859] 7990624
c[0][1860] 7929047
c[0][1861] 7870921
c[0][1862] 7855826
c[0][1863] 7982699
c[0][1864] 7732902
c[0][1865] 7799816
c[0][1866] 7869878
c[0][1867] 7872512
c[0][1868] 7956411
c[0][1869] 7846483
c[0][1870] 7800040
c[0][1871] 7770647
c[0][1872] 8076397
c[0][1873] 7909408
c[0][1874] 7862205
c[0][1875] 7844330
c[0][1876] 7874141
c[0][1877] 8085388
c[0][1878] 7737304
c[0][1879] 7815782
c[0][1880] 7851736
c[0][1881] 8127346
c[0][1882] 7990472
c[0][1883] 7919168
c[0][1884] 7971681
c[0][1885] 8139829
c[0][1886] 7883862
c[0][1887] 7994229
c[0][1888] 8002962
c[0][1889] 7740350
c[0][1890] 8026106
c[0][1891] 8017158
c[0][1892] 8073659
c[0][1893] 7999483
c[0][1894] 7924469
c[0][1895] 7900370
c[0][1896] 7902689
c[0][1897] 7879832
c[0][1898] 8002580
c[0][1899] 7872328
c[0][1900] 7800160
c[0][1901] 7866111
c[0][1902] 8105574
c[0][1903] 7841704
c[0][1904] 7947771
c[0][1905] 8035936
c[0][1906] 8035671
c[0][1907] 7876046
c[0][1908] 7991546
c[0][1909] 7962174
c[0][1910] 8030949
c[0][1911] 8032801
c[0][1912] 7929249
c[0][1913] 7880573
c[0][1914] 7928150
c[0][1915] 7916798
c[0][1916] 7901797
c[0][1917] 8048705
c[0][1918] 7955368
c[0][1919] 7993159
c[0][1920] 8003110
c[0][1921] 8043926
c[0][1922] 8069503
c[0][1923] 7877277
c[0][1924] 7895004
c[0][1925] 7994933
c[0][1926] 7961585
c[0][1927] 8055453
c[0][1928] 8002642
c[0][1929] 7866487
c[0][1930] 7737371
c[0][1931] 7955758
c[0][1932] 7921049
c[0][1933] 7844167
c[0][1934] 7915289
c[0][1935] 7919674
c[0][1936] 7769543
c[0][1937] 7918630
c[0][1938] 7855300
c[0][1939] 7859981
c[0][1940] 8010922
c[0][1941] 7889506
c[0][1942] 7927357
c[0][1943] 7861031
c[0][1944] 7892469
c[0][1945] 7904702
c[0][1946] 7805767
c[0][1947] 7860434
c[0][1948] 7891863
c[0][1949] 7901395
c[0][1950] 8012106
c[0][1951] 8108270
c[0][1952] 7951385
c[0][1953] 7842484
c[0][1954] 7735012
c[0][1955] 7876788
c[0][1956] 7934520
c[0][1957] 7912497
c[0][1958] 7927694
c[0][1959] 7885740
c[0][1960] 7922380
c[0][1961] 7952046
c[0][1962] 8029818
c[0][1963] 7919846
c[0][1964] 8052407
c[0][1965] 7889311
c[0][1966] 8023138
c[0][1967] 7899403
c[0][1968] 7850704
c[0][1969] 7963649
c[0][1970] 8043539
c[0][1971] 7973033
c[0][1972] 7820187
c[0][1973] 8052772
c[0][1974] 7939814
c[0][1975] 7934216
c[0][1976] 8086243
c[0][1977] 8016621
c[0][1978] 7841065
c[0][1979] 8135770
c[0][1980] 7981094
c[0][1981] 8063355
c[0][1982] 8084054
c[0][1983] 7967288
c[0][1984] 7862431
c[0][1985] 7844891
c[0][1986] 7871953
c[0][1987] 7986048
c[0][1988] 7942199
c[0][1989] 7982572
c[0][1990] 7947885
c[0][1991] 7913981
c[0][1992] 7903358
c[0][1993] 7970695
c[0][1994] 7792859
c[0][1995] 7966201
c[0][1996] 7737282
c[0][1997] 7987708
c[0][1998] 7919862
c[0][1999] 7871014
c[0][2000] 7934753
c[0][2001] 7891060
c[0][2002] 7885717
c[0][2003] 7897128
c[0][2004] 8000957
c[0][2005] 8054256
c[0][2006] 7789600
c[0][2007] 7852140
c[0][2008] 7899867
c[0][2009] 7797761
c[0][2010] 8077418
c[0][2011] 7995130
c[0][2012] 7933520
c[0][2013] 7953683
c[0][2014] 7965349
c[0][2015] 7975212
c[0][2016] 7864268
c[0][2017] 7838960
c[0][2018] 7931640
c[0][2019] 7996697
c[0][2020] 8163659
c[0][2021] 8103364
c[0][2022] 7962193
c[0][2023] 7944846
c[0][2024] 8044782
c[0][2025] 7809146
c[0][2026] 7963260
c[0][2027] 7895434
c[0][2028] 7908668
c[0][2029] 8065042
c[0][2030] 7819866
c[0][2031] 7872341
c[0][2032] 7930361
c[0][2033] 8016474
c[0][2034] 7964188
c[0][2035] 7936036
c[0][2036] 7878250
c[0][2037] 7915629
c[0][2038] 7872477
c[0][2039] 7865296
c[0][2040] 8011578
c[0][2041] 7985491
c[0][2042] 7999963
c[0][2043] 7880019
c[0][2044] 7893795
c[0][2045] 7996048
c[0][2046] 7969502
c[0][2047] 7973356
c[0][2048] 7927310
c[0][2049] 8126656
c[0][2050] 7895595
c[0][2051] 8025330
c[0][2052] 8007126
c[0][2053] 8067042
c[0][2054] 7880233
c[0][2055] 7963057
c[0][2056] 7943017
c[0][2057] 8079635
c[0][2058] 7946370
c[0][2059] 8027745
c[0][2060] 7867469
c[0][2061] 8085576
c[0][2062] 7926703
c[0][2063] 7936116
c[0][2064] 7800996
c[0][2065] 7812460
c[0][2066] 7767975
c[0][2067] 8053779
c[0][2068] 7941592
c[0][2069] 7876946
c[0][2070] 7834675
c[0][2071] 8142509
c[0][2072] 7922227
c[0][2073] 7970034
c[0][2074] 7823649
c[0][2075] 8116396
c[0][2076] 7741464
c[0][2077] 7771708
c[0][2078] 7912582
c[0][2079] 7930439
c[0][2080] 7878998
c[0][2081] 7950526
c[0][2082] 8048035
c[0][2083] 7867375
c[0][2084] 7986963
c[0][2085] 7995308
c[0][2086] 7928884
c[0][2087] 7934715
c[0][2088] 7856738
c[0][2089] 7879197
c[0][2090] 8113759
c[0][2091] 7924931
c[0][2092] 7885702
c[0][2093] 7985981
c[0][2094] 7947376
c[0][2095] 8008890
c[0][2096] 7983783
c[0][2097] 8045435
c[0][2098] 7986094
c[0][2099] 8033828
c[0][2100] 8039574
c[0][2101] 7839882
c[0][2102] 8069960
c[0][2103] 7913338
c[0][2104] 7872164
c[0][2105] 8027319
c[0][2106] 7964960
c[0][2107] 7863510
c[0][2108] 8007724
c[0][2109] 7927528
c[0][2110] 7931225
c[0][2111] 7942601
c[0][2112] 7886328
c[0][2113] 8066658
c[0][2114] 7786594
c[0][2115] 7921482
c[0][2116] 7826634
c[0][2117] 7959932
c[0][2118] 7905059
c[0][2119] 7948886
c[0][2120] 7904781
c[0][2121] 7961690
c[0][2122] 8047099
c[0][2123] 7792917
c[0][2124] 7810121
c[0][2125] 8081284
c[0][2126] 8005047
c[0][2127] 7984016
c[0][2128] 7977903
c[0][2129] 7847027
c[0][2130] 7812817
c[0][2131] 7850553
c[0][2132] 7963296
c[0][2133] 7826143
c[0][2134] 8050697
c[0][2135] 7870264
c[0][2136] 7954260
c[0][2137] 7951306
c[0][2138] 7894982
c[0][2139] 7996224
c[0][2140] 8093233
c[0][2141] 7924627
c[0][2142] 7792713
c[0][2143] 7964666
c[0][2144] 7893684
c[0][2145] 7919805
c[0][2146] 7836120
c[0][2147] 8033423
c[0][2148] 7960584
c[0][2149] 7980280
c[0][2150] 7861791
c[0][2151] 7929324
c[0][2152] 7896755
c[0][2153] 8065915
c[0][2154] 7957589
c[0][2155] 8036244
c[0][2156] 7875671
c[0][2157] 7921799
c[0][2158] 7872210
c[0][2159] 8054299
c[0][2160] 7852832
c[0][2161] 7883869
c[0][2162] 7878823
c[0][2163] 7982644
c[0][2164] 7997762
c[0][2165] 7999252
c[0][2166] 8025791
c[0][2167] 8074811
c[0][2168] 8102433
c[0][2169] 7977496
c[0][2170] 7931410
c[0][2171] 8045726
c[0][2172] 7952870
c[0][2173] 7849935
c[0][2174] 7939166
c[0][2175] 8126238
c[0][2176] 7897453
c[0][2177] 7964627
c[0][2178] 7856567
c[0][2179] 7956148
c[0][2180] 7914085
c[0][2181] 7823809
c[0][2182] 8175010
c[0][2183] 8016511
c[0][2184] 7957393
c[0][2185] 7887078
c[0][2186] 7827261
c[0][2187] 7864152
c[0][2188] 8051655
c[0][2189] 8110134
c[0][2190] 7789085
c[0][2191] 7941735
c[0][2192] 7961675
c[0][2193] 8061662
c[0][2194] 7941034
c[0][2195] 7781915
c[0][2196] 7875042
c[0][2197] 7998584
c[0][2198] 7801026
c[0][2199] 7957915
c[0][2200] 8031069
c[0][2201] 7875191
c[0][2202] 7992835
c[0][2203] 7927563
c[0][2204] 8005876
c[0][2205] 8106840
c[0][2206] 7903828
c[0][2207] 7920092
c[0][2208] 7963253
c[0][2209] 7888223
c[0][2210] 7862942
c[0][2211] 7820711
c[0][2212] 8067749
c[0][2213] 7939321
c[0][2214] 7804543
c[0][2215] 7950866
c[0][2216] 7882491
c[0][2217] 7941577
c[0][2218] 7996743
c[0][2219] 7909494
c[0][2220] 7900923
c[0][2221] 7794883
c[0][2222] 7838444
c[0][2223] 8062198
c[0][2224] 7876404
c[0][2225] 7938510
c[0][2226] 7991510
c[0][2227] 7793473
c[0][2228] 7703374
c[0][2229] 7917562
c[0][2230] 7895613
c[0][2231] 8008307
c[0][2232] 8023377
c[0][2233] 7870847
c[0][2234] 7948072
c[0][2235] 8032013
c[0][2236] 7803547
c[0][2237] 7997818
c[0][2238] 7822244
c[0][2239] 7847388
c[0][2240] 7803395
c[0][2241] 8009845
c[0][2242] 7791208
c[0][2243] 7959408
c[0][2244] 7970101
c[0][2245] 7930050
c[0][2246] 7935901
c[0][2247] 7905895
c[0][2248] 7922748
c[0][2249] 8015929
c[0][2250] 8016977
c[0][2251] 7809929
c[0][2252] 7793650
c[0][2253] 7888642
c[0][2254] 8091176
c[0][2255] 7886616
c[0][2256] 7944531
c[0][2257] 7976333
c[0][2258] 7802530
c[0][2259] 8005492
c[0][2260] 7941184
c[0][2261] 7908838
c[0][2262] 7962443
c[0][2263] 8106032
c[0][2264] 8023957
c[0][2265] 8020869
c[0][2266] 7820503
c[0][2267] 7920120
c[0][2268] 8024395
c[0][2269] 7919556
c[0][2270] 8040738
c[0][2271] 7909862
c[0][2272] 8039040
c[0][2273] 7991460
c[0][2274] 7976054
c[0][2275] 7851601
c[0][2276] 7916745
c[0][2277] 8099850
c[0][2278] 7894190
c[0][2279] 8018489
c[0][2280] 7853870
c[0][2281] 7931507
c[0][2282] 7992272
c[0][2283] 7950886
c[0][2284] 7826488
c[0][2285] 7893999
c[0][2286] 7898076
c[0][2287] 8031067
c[0][2288] 7824800
c[0][2289] 8040028
c[0][2290] 8120725
c[0][2291] 7814285
c[0][2292] 8054982
c[0][2293] 7884233
c[0][2294] 7795650
c[0][2295] 7949689
c[0][2296] 7795363
c[0][2297] 7989457
c[0][2298] 7899275
c[0][2299] 7941009
c[0][2300] 7931151
c[0][2301] 7984744
c[0][2302] 7756775
c[0][2303] 7881447
c[0][2304] 8031730
c[0][2305] 7822105
c[0][2306] 7938690
c[0][2307] 8078244
c[0][2308] 7751840
c[0][2309] 7910254
c[0][2310] 7934282
c[0][2311] 7796968
c[0][2312] 7876674
c[0][2313] 7899546
c[0][2314] 7812903
c[0][2315] 7791155
c[0][2316] 8040263
c[0][2317] 7992200
c[0][2318] 7881894
c[0][2319] 8160112
c[0][2320] 8045650
c[0][2321] 7879382
c[0][2322] 8032996
c[0][2323] 7956534
c[0][2324] 8171258
c[0][2325] 7910936
c[0][2326] 7985359
c[0][2327] 7912936
c[0][2328] 8127582
c[0][2329] 7928195
c[0][2330] 7877974
c[0][2331] 7922920
c[0][2332] 8001455
c[0][2333] 7979470
c[0][2334] 7835331
c[0][2335] 7817437
c[0][2336] 8182010
c[0][2337] 7952039
c[0][2338] 8042853
c[0][2339] 7895026
c[0][2340] 7777676
c[0][2341] 7935892
c[0][2342] 7984800
c[0][2343] 7889444
c[0][2344] 7948181
c[0][2345] 7966550
c[0][2346] 7926718
c[0][2347] 7886148
c[0][2348] 7980070
c[0][2349] 8064889
c[0][2350] 7875435
c[0][2351] 7929209
c[0][2352] 7972980
c[0][2353] 7842943
c[0][2354] 7909596
c[0][2355] 8078147
c[0][2356] 7900462
c[0][2357] 7976007
c[0][2358] 7738441
c[0][2359] 7918390
c[0][2360] 7806137
c[0][2361] 7972679
c[0][2362] 7974355
c[0][2363] 7825629
c[0][2364] 8018121
c[0][2365] 7987260
c[0][2366] 7880374
c[0][2367] 7926522
c[0][2368] 7976595
c[0][2369] 8135149
c[0][2370] 7843373
c[0][2371] 7957710
c[0][2372] 7916445
c[0][2373] 8045777
c[0][2374] 7963239
c[0][2375] 7951030
c[0][2376] 7938127
c[0][2377] 7797396
c[0][2378] 7849280
c[0][2379] 7885407
c[0][2380] 7881883
c[0][2381] 7988223
c[0][2382] 7903680
c[0][2383] 7978065
c[0][2384] 7999226
c[0][2385] 8041734
c[0][2386] 8020920
c[0][2387] 7772000
c[0][2388] 7931119
c[0][2389] 8076038
c[0][2390] 7964784
c[0][2391] 8103705
c[0][2392] 7925320
c[0][2393] 8015380
c[0][2394] 7908646
c[0][2395] 8001921
c[0][2396] 7936515
c[0][2397] 8020146
c[0][2398] 7946878
c[0][2399] 7860243
c[0][2400] 7986389
c[0][2401] 8047359
c[0][2402] 7899391
c[0][2403] 8017223
c[0][2404] 7876405
c[0][2405] 7926045
c[0][2406] 7957193
c[0][2407] 8035292
c[0][2408] 7894799
c[0][2409] 7964666
c[0][2410] 8041074
c[0][2411] 7924379
c[0][2412] 7958237
c[0][2413] 7902491
c[0][2414] 7991620
c[0][2415] 7987362
c[0][2416] 7965027
c[0][2417] 8044625
c[0][2418] 7940387
c[0][2419] 7977517
c[0][2420] 7878719
c[0][2421] 7842347
c[0][2422] 7938071
c[0][2423] 7950627
c[0][2424] 7951315
c[0][2425] 7961760
c[0][2426] 7935474
c[0][2427] 7985284
c[0][2428] 7900156
c[0][2429] 7887400
c[0][2430] 8072704
c[0][2431] 7943176
c[0][2432] 7829974
c[0][2433] 7992628
c[0][2434] 7847411
c[0][2435] 7865245
c[0][2436] 7800511
c[0][2437] 8015783
c[0][2438] 8086354
c[0][2439] 7934267
c[0][2440] 7912104
c[0][2441] 7787375
c[0][2442] 7877139
c[0][2443] 7976955
c[0][2444] 7883579
c[0][2445] 7877678
c[0][2446] 7839800
c[0][2447] 7941511
c[0][2448] 7860746
c[0][2449] 7941020
c[0][2450] 8035404
c[0][2451] 7941209
c[0][2452] 7886562
c[0][2453] 8051208
c[0][2454] 7882306
c[0][2455] 8045664
c[0][2456] 7812823
c[0][2457] 7938778
c[0][2458] 8014524
c[0][2459] 7830698
c[0][2460] 7968706
c[0][2461] 7936735
c[0][2462] 8077169
c[0][2463] 7939616
c[0][2464] 8105931
c[0][2465] 7768694
c[0][2466] 7728222
c[0][2467] 7956372
c[0][2468] 8030972
c[0][2469] 7859562
c[0][2470] 7840889
c[0][2471] 7933949
c[0][2472] 7838972
c[0][2473] 7923608
c[0][2474] 7871993
c[0][2475] 7840870
c[0][2476] 7848986
c[0][2477] 7798589
c[0][2478] 8064484
c[0][2479] 7948357
c[0][2480] 7720538
c[0][2481] 8080414
c[0][2482] 7817103
c[0][2483] 7876956
c[0][2484] 7930950
c[0][2485] 8073761
c[0][2486] 7876476
c[0][2487] 7932503
c[0][2488] 7983450
c[0][2489] 7837580
c[0][2490] 8001699
c[0][2491] 8044194
c[0][2492] 7825883
c[0][2493] 7953418
c[0][2494] 7982449
c[0][2495] 8049925
c[0][2496] 7949944
c[0][2497] 7799060
c[0][2498] 8063862
c[0][2499] 7803884
c[0][2500] 7959302
c[0][2501] 7959927
c[0][2502] 7922533
c[0][2503] 8082807
c[0][2504] 7838694
c[0][2505] 7755094
c[0][2506] 7875330
c[0][2507] 7892168
c[0][2508] 7815370
c[0][2509] 7971991
c[0][2510] 7935256
c[0][2511] 7841361
c[0][2512] 8048055
c[0][2513] 7976444
c[0][2514] 7916931
c[0][2515] 7891146
c[0][2516] 7980936
c[0][2517] 7918628
c[0][2518] 8140180
c[0][2519] 8035902
c[0][2520] 7801780
c[0][2521] 8058286
c[0][2522] 8010195
c[0][2523] 7872005
c[0][2524] 7882070
c[0][2525] 8011147
c[0][2526] 7721875
c[0][2527] 8068803
c[0][2528] 7989486
c[0][2529] 7846382
c[0][2530] 8035297
c[0][2531] 8123971
c[0][2532] 7761537
c[0][2533] 7856419
c[0][2534] 7972808
c[0][2535] 7892746
c[0][2536] 7824625
c[0][2537] 7842830
c[0][2538] 8045961
c[0][2539] 7973902
c[0][2540] 7861457
c[0][2541] 7981133
c[0][2542] 7853942
c[0][2543] 7906006
c[0][2544] 8060993
c[0][2545] 7999271
c[0][2546] 8016610
c[0][2547] 7896975
c[0][2548] 7900825
c[0][2549] 7784883
c[0][2550] 7897275
c[0][2551] 8114336
c[0][2552] 7667648
c[0][2553] 8015613
c[0][2554] 7703950
c[0][2555] 7965919
c[0][2556] 7751706
c[0][2557] 8102022
c[0][2558] 8089793
c[0][2559] 8083093
c[0][2560] 7811004
c[0][2561] 8024429
c[0][2562] 7814678
c[0][2563] 7943988
c[0][2564] 7963849
c[0][2565] 7890211
c[0][2566] 8049133
c[0][2567] 7917456
c[0][2568] 7914841
c[0][2569] 7797410
c[0][2570] 7824109
c[0][2571] 8099343
c[0][2572] 7837065
c[0][2573] 7914389
c[0][2574] 7962863
c[0][2575] 7947597
c[0][2576] 7956049
c[0][2577] 8029639
c[0][2578] 7927775
c[0][2579] 7843805
c[0][2580] 8053361
c[0][2581] 8052093
c[0][2582] 7879963
c[0][2583] 7876931
c[0][2584] 7897610
c[0][2585] 7903969
c[0][2586] 7752346
c[0][2587] 8063044
c[0][2588] 7812759
c[0][2589] 7927481
c[0][2590] 8012683
c[0][2591] 7924775
c[0][2592] 7895611
c[0][2593] 7985371
c[0][2594] 8043268
c[0][2595] 8085140
c[0][2596] 8070102
c[0][2597] 8047184
c[0][2598] 7965120
c[0][2599] 7955089
c[0][2600] 8051008
c[0][2601] 7915564
c[0][2602] 7939349
c[0][2603] 8001785
c[0][2604] 7811839
c[0][2605] 8015999
c[0][2606] 7979708
c[0][2607] 7952894
c[0][2608] 7919950
c[0][2609] 7956948
c[0][2610] 8036592
c[0][2611] 7690123
c[0][2612] 8007632
c[0][2613] 8088932
c[0][2614] 7992991
c[0][2615] 7986788
c[0][2616] 7854328
c[0][2617] 7876704
c[0][2618] 7980058
c[0][2619] 8020904
c[0][2620] 7886849
c[0][2621] 7759978
c[0][2622] 7828851
c[0][2623] 8017779
c[0][2624] 8026552
c[0][2625] 7974943
c[0][2626] 7874453
c[0][2627] 7957292
c[0][2628] 8054634
c[0][2629] 7960530
c[0][2630] 7976595
c[0][2631] 7868163
c[0][2632] 8061937
c[0][2633] 8006640
c[0][2634] 7831625
c[0][2635] 7896955
c[0][2636] 7943359
c[0][2637] 7871484
c[0][2638] 7968859
c[0][2639] 7818671
c[0][2640] 7748489
c[0][2641] 7798378
c[0][2642] 8028842
c[0][2643] 8053385
c[0][2644] 8066225
c[0][2645] 7885023
c[0][2646] 8027102
c[0][2647] 8065766
c[0][2648] 7927359
c[0][2649] 7940746
c[0][2650] 7993116
c[0][2651] 7984884
c[0][2652] 7876799
c[0][2653] 8062539
c[0][2654] 7925274
c[0][2655] 7906180
c[0][2656] 7814190
c[0][2657] 7785925
c[0][2658] 7985795
c[0][2659] 7908724
c[0][2660] 7820783
c[0][2661] 7990479
c[0][2662] 8055958
c[0][2663] 8069788
c[0][2664] 8081384
c[0][2665] 7797358
c[0][2666] 8043249
c[0][2667] 7898010
c[0][2668] 7839085
c[0][2669] 7927490
c[0][2670] 7881120
c[0][2671] 7867566
c[0][2672] 8047162
c[0][2673] 7827634
c[0][2674] 7956602
c[0][2675] 7923211
c[0][2676] 8026295
c[0][2677] 7783628
c[0][2678] 7862992
c[0][2679] 7911914
c[0][2680] 7972372
c[0][2681] 8007306
c[0][2682] 8150753
c[0][2683] 7948097
c[0][2684] 8022621
c[0][2685] 7961203
c[0][2686] 8005518
c[0][2687] 8008542
c[0][2688] 7950301
c[0][2689] 7926330
c[0][2690] 7953922
c[0][2691] 7849887
c[0][2692] 7864984
c[0][2693] 7927136
c[0][2694] 8079663
c[0][2695] 7833462
c[0][2696] 8038825
c[0][2697] 7829617
c[0][2698] 7779978
c[0][2699] 7866084
c[0][2700] 7890357
c[0][2701] 7869347
c[0][2702] 7958540
c[0][2703] 7987466
c[0][2704] 7929182
c[0][2705] 7827448
c[0][2706] 7950209
c[0][2707] 7972153
c[0][2708] 8156003
c[0][2709] 7828055
c[0][2710] 7969077
c[0][2711] 7993011
c[0][2712] 7751974
c[0][2713] 7915711
c[0][2714] 7916111
c[0][2715] 7929007
c[0][2716] 7937450
c[0][2717] 7985654
c[0][2718] 8025893
c[0][2719] 7789802
c[0][2720] 7833024
c[0][2721] 7931740
c[0][2722] 7901923
c[0][2723] 7961857
c[0][2724] 8058850
c[0][2725] 7814821
c[0][2726] 7856380
c[0][2727] 7857563
c[0][2728] 7884314
c[0][2729] 8006099
c[0][2730] 7903176
c[0][2731] 7928949
c[0][2732] 7909919
c[0][2733] 7905982
c[0][2734] 7935642
c[0][2735] 7829061
c[0][2736] 7882436
c[0][2737] 7949393
c[0][2738] 8077259
c[0][2739] 7887575
c[0][2740] 7873782
c[0][2741] 7939156
c[0][2742] 8015537
c[0][2743] 7789107
c[0][2744] 7954197
c[0][2745] 7897393
c[0][2746] 8036638
c[0][2747] 8088306
c[0][2748] 7913019
c[0][2749] 7797971
c[0][2750] 7770935
c[0][2751] 7847210
c[0][2752] 7855854
c[0][2753] 7920935
c[0][2754] 7801753
c[0][2755] 7908530
c[0][2756] 7944249
c[0][2757] 7969834
c[0][2758] 7937231
c[0][2759] 7937811
c[0][2760] 8120523
c[0][2761] 7998560
c[0][2762] 8033337
c[0][2763] 8023312
c[0][2764] 7981291
c[0][2765] 7985659
c[0][2766] 7878875
c[0][2767] 7991705
c[0][2768] 8117502
c[0][2769] 8082747
c[0][2770] 7922756
c[0][2771] 7978975
c[0][2772] 7901858
c[0][2773] 7949942
c[0][2774] 7974551
c[0][2775] 7958864
c[0][2776] 7963813
c[0][2777] 7820099
c[0][2778] 7980389
c[0][2779] 8042632
c[0][2780] 7915444
c[0][2781] 8022508
c[0][2782] 7990036
c[0][2783] 7909774
c[0][2784] 8049141
c[0][2785] 7924645
c[0][2786] 7986910
c[0][2787] 7996561
c[0][2788] 7940427
c[0][2789] 7942306
c[0][2790] 7945089
c[0][2791] 7990404
c[0][2792] 7997352
c[0][2793] 8004927
c[0][2794] 7925540
c[0][2795] 7861720
c[0][2796] 8088387
c[0][2797] 7883549
c[0][2798] 7953489
c[0][2799] 7767461
c[0][2800] 8112194
c[0][2801] 8079582
c[0][2802] 7782651
c[0][2803] 8018250
c[0][2804] 7943678
c[0][2805] 8068704
c[0][2806] 7864956
c[0][2807] 8148276
c[0][2808] 7996718
c[0][2809] 8106475
c[0][2810] 7956697
c[0][2811] 7871428
c[0][2812] 7986636
c[0][2813] 7962461
c[0][2814] 7835221
c[0][2815] 7905507
c[0][2816] 7874521
c[0][2817] 7916109
c[0][2818] 7975612
c[0][2819] 7979730
c[0][2820] 7928155
c[0][2821] 7896717
c[0][2822] 7866855
c[0][2823] 8019077
c[0][2824] 7999960
c[0][2825] 7764638
c[0][2826] 7951842
c[0][2827] 7887578
c[0][2828] 7830498
c[0][2829] 7900015
c[0][2830] 7968954
c[0][2831] 7839763
c[0][2832] 7980765
c[0][2833] 7841327
c[0][2834] 8117375
c[0][2835] 7954191
c[0][2836] 7865963
c[0][2837] 7940179
c[0][2838] 7999170
c[0][2839] 7951977
c[0][2840] 7928457
c[0][2841] 7973868
c[0][2842] 8042042
c[0][2843] 7976089
c[0][2844] 7856417
c[0][2845] 7956115
c[0][2846] 7906981
c[0][2847] 7963908
c[0][2848] 7923715
c[0][2849] 8079117
c[0][2850] 7907657
c[0][2851] 7904792
c[0][2852] 7994861
c[0][2853] 7805708
c[0][2854] 7920617
c[0][2855] 7971791
c[0][2856] 7956746
c[0][2857] 8010660
c[0][2858] 7829827
c[0][2859] 7889564
c[0][2860] 7930044
c[0][2861] 7942931
c[0][2862] 8035826
c[0][2863] 7862783
c[0][2864] 7989972
c[0][2865] 7965170
c[0][2866] 7931748
c[0][2867] 7875857
c[0][2868] 7992631
c[0][2869] 7948923
c[0][2870] 7965678
c[0][2871] 7819913
c[0][2872] 7847869
c[0][2873] 7914912
c[0][2874] 8044764
c[0][2875] 7899623
c[0][2876] 7912611
c[0][2877] 7867738
c[0][2878] 7930862
c[0][2879] 8024457
c[0][2880] 7792469
c[0][2881] 7988707
c[0][2882] 8007509
c[0][2883] 8125316
c[0][2884] 8033770
c[0][2885] 7791045
c[0][2886] 8103718
c[0][2887] 7961024
c[0][2888] 8003599
c[0][2889] 8081317
c[0][2890] 8016471
c[0][2891] 7874658
c[0][2892] 7871124
c[0][2893] 7833378
c[0][2894] 7986541
c[0][2895] 7839999
c[0][2896] 8051698
c[0][2897] 7963621
c[0][2898] 8018205
c[0][2899] 7967474
c[0][2900] 7937990
c[0][2901] 7998523
c[0][2902] 7755571
c[0][2903] 7936051
c[0][2904] 7746597
c[0][2905] 7843438
c[0][2906] 7916418
c[0][2907] 7959042
c[0][2908] 7979647
c[0][2909] 7589235
c[0][2910] 7864890
c[0][2911] 7854636
c[0][2912] 7904567
c[0][2913] 8081241
c[0][2914] 8016752
c[0][2915] 7876554
c[0][2916] 8116729
c[0][2917] 8042723
c[0][2918] 7941926
c[0][2919] 8021835
c[0][2920] 7906264
c[0][2921] 8112763
c[0][2922] 7895233
c[0][2923] 7859068
c[0][2924] 8029053
c[0][2925] 7901183
c[0][2926] 7951399
c[0][2927] 7759424
c[0][2928] 7786594
c[0][2929] 8039320
c[0][2930] 7810583
c[0][2931] 8022712
c[0][2932] 8165142
c[0][2933] 7791965
c[0][2934] 7854983
c[0][2935] 7877330
c[0][2936] 7953904
c[0][2937] 7801900
c[0][2938] 8092806
c[0][2939] 7769003
c[0][2940] 7861018
c[0][2941] 8066889
c[0][2942] 8055115
c[0][2943] 7974203
c[0][2944] 7809042
c[0][2945] 7825172
c[0][2946] 7912330
c[0][2947] 7899165
c[0][2948] 8060557
c[0][2949] 7921711
c[0][2950] 8056862
c[0][2951] 7844483
c[0][2952] 7826349
c[0][2953] 7992499
c[0][2954] 7923322
c[0][2955] 8019879
c[0][2956] 7806951
c[0][2957] 7876315
c[0][2958] 7918858
c[0][2959] 7876798
c[0][2960] 8081458
c[0][2961] 7975008
c[0][2962] 8022330
c[0][2963] 8105732
c[0][2964] 7832568
c[0][2965] 7965183
c[0][2966] 7818590
c[0][2967] 7978695
c[0][2968] 7861703
c[0][2969] 8071619
c[0][2970] 7827796
c[0][2971] 7930787
c[0][2972] 7867559
c[0][2973] 8072279
c[0][2974] 7890603
c[0][2975] 7985843
c[0][2976] 8003962
c[0][2977] 8032384
c[0][2978] 7841703
c[0][2979] 7897878
c[0][2980] 7775827
c[0][2981] 7948444
c[0][2982] 7770565
c[0][2983] 8017923
c[0][2984] 8052905
c[0][2985] 8069915
c[0][2986] 7947666
c[0][2987] 8010031
c[0][2988] 7903402
c[0][2989] 7907183
c[0][2990] 8116668
c[0][2991] 7958386
c[0][2992] 7995919
c[0][2993] 7896425
c[0][2994] 7916470
c[0][2995] 7907674
c[0][2996] 8039553
c[0][2997] 7956563
c[0][2998] 7950305
c[0][2999] 7923535
c[0][3000] 7920014
c[0][3001] 7867707
c[0][3002] 8004401
c[0][3003] 7977138
c[0][3004] 7917569
c[0][3005] 8049156
c[0][3006] 7981724
c[0][3007] 8092948
c[0][3008] 7883841
c[0][3009] 8001641
c[0][3010] 7982970
c[0][3011] 7928877
c[0][3012] 7871911
c[0][3013] 8038697
c[0][3014] 7838179
c[0][3015] 7905325
c[0][3016] 8021544
c[0][3017] 7929865
c[0][3018] 7872599
c[0][3019] 7932885
c[0][3020] 8090658
c[0][3021] 8044590
c[0][3022] 7787707
c[0][3023] 8010094
c[0][3024] 7884708
c[0][3025] 8022825
c[0][3026] 7912639
c[0][3027] 7983075
c[0][3028] 7905215
c[0][3029] 7900336
c[0][3030] 7788151
c[0][3031] 7851600
c[0][3032] 7865119
c[0][3033] 7847556
c[0][3034] 8043911
c[0][3035] 7973269
c[0][3036] 7969835
c[0][3037] 7738955
c[0][3038] 7852316
c[0][3039] 7900639
c[0][3040] 7865870
c[0][3041] 7952675
c[0][3042] 7984369
c[0][3043] 7911539
c[0][3044] 7940695
c[0][3045] 7938791
c[0][3046] 7772981
c[0][3047] 7965875
c[0][3048] 7767128
c[0][3049] 8123518
c[0][3050] 8135227
c[0][3051] 8060537
c[0][3052] 8046822
c[0][3053] 7963661
c[0][3054] 8099725
c[0][3055] 8013477
c[0][3056] 8070640
c[0][3057] 7889251
c[0][3058] 7777390
c[0][3059] 7971089
c[0][3060] 7977888
c[0][3061] 7878683
c[0][3062] 7882678
c[0][3063] 7997449
c[0][3064] 8084935
c[0][3065] 7948564
c[0][3066] 7989287
c[0][3067] 7998916
c[0][3068] 7879803
c[0][3069] 7952247
c[0][3070] 7840295
c[0][3071] 8115265
c[0][3072] 7794003
c[0][3073] 7888430
c[0][3074] 7893550
c[0][3075] 7943670
c[0][3076] 7966219
c[0][3077] 7930163
c[0][3078] 7882290
c[0][3079] 7859167
c[0][3080] 7847274
c[0][3081] 7871185
c[0][3082] 7933626
c[0][3083] 7956030
c[0][3084] 7854372
c[0][3085] 8030671
c[0][3086] 8003222
c[0][3087] 7924115
c[0][3088] 8047858
c[0][3089] 7853738
c[0][3090] 8060543
c[0][3091] 8127021
c[0][3092] 7815653
c[0][3093] 8037537
c[0][3094] 8007472
c[0][3095] 7893165
c[0][3096] 7881639
c[0][3097] 7931290
c[0][3098] 7968735
c[0][3099] 7836337
c[0][3100] 8099567
c[0][3101] 8025972
c[0][3102] 8041953
c[0][3103] 7935837
c[0][3104] 7921746
c[0][3105] 7917526
c[0][3106] 7959711
c[0][3107] 7952653
c[0][3108] 7690287
c[0][3109] 7818555
c[0][3110] 7842922
c[0][3111] 7971348
c[0][3112] 8108507
c[0][3113] 7976311
c[0][3114] 8009237
c[0][3115] 7972430
c[0][3116] 7966909
c[0][3117] 7963139
c[0][3118] 7850272
c[0][3119] 8076386
c[0][3120] 8151777
c[0][3121] 7986139
c[0][3122] 8018473
c[0][3123] 7827877
c[0][3124] 8034182
c[0][3125] 7892010
c[0][3126] 7833514
c[0][3127] 7945776
c[0][3128] 7829292
c[0][3129] 7872809
c[0][3130] 7820386
c[0][3131] 7881284
c[0][3132] 7781651
c[0][3133] 7810996
c[0][3134] 7990290
c[0][3135] 7715104
c[0][3136] 7856144
c[0][3137] 7928574
c[0][3138] 7916339
c[0][3139] 8083949
c[0][3140] 7991113
c[0][3141] 7949734
c[0][3142] 7830844
c[0][3143] 7955657
c[0][3144] 7905833
c[0][3145] 7875083
c[0][3146] 7986161
c[0][3147] 7910619
c[0][3148] 7873675
c[0][3149] 8041499
c[0][3150] 8129587
c[0][3151] 7917654
c[0][3152] 7773177
c[0][3153] 8015116
c[0][3154] 7975053
c[0][3155] 7884283
c[0][3156] 7978788
c[0][3157] 7901607
c[0][3158] 7901588
c[0][3159] 7725303
c[0][3160] 7962291
c[0][3161] 7982969
c[0][3162] 7994163
c[0][3163] 8085370
c[0][3164] 8037836
c[0][3165] 7841811
c[0][3166] 7923332
c[0][3167] 7974126
c[0][3168] 8080676
c[0][3169] 7836903
c[0][3170] 7890371
c[0][3171] 7966907
c[0][3172] 7846901
c[0][3173] 7944857
c[0][3174] 7938042
c[0][3175] 7862871
c[0][3176] 7762911
c[0][3177] 7856010
c[0][3178] 7845599
c[0][3179] 8114343
c[0][3180] 7866056
c[0][3181] 7962270
c[0][3182] 8002231
c[0][3183] 8074970
c[0][3184] 8019834
c[0][3185] 7875605
c[0][3186] 7992292
c[0][3187] 7870143
c[0][3188] 7804001
c[0][3189] 8005599
c[0][3190] 7815875
c[0][3191] 7981398
c[0][3192] 8015214
c[0][3193] 7952833
c[0][3194] 7811543
c[0][3195] 7962490
c[0][3196] 7904003
c[0][3197] 7921166
c[0][3198] 8032540
c[0][3199] 7941186
0.038740s

